Depth	Count
0	2869598
1	7917293
2	7753308
3	4652462
4	5496562
5	5203262
6	6300782
7	6902231
8	8097274
9	8963074
10	10005899
11	10664192
12	11239359
13	11444944
14	11406565
15	11014810
16	10424956
17	9563087
18	8611070
19	7546476
20	6496663
21	5475230
22	4519689
23	3650107
24	2907007
25	2279729
26	1758897
27	1338142
28	1015115
29	756140
30	564930
31	418457
32	314908
33	232087
34	179034
35	135179
36	108074
37	89837
38	74077
39	63473
40	55870
41	50021
42	45412
43	42337
44	39062
45	36321
46	33615
47	30653
48	30460
49	28164
50	25746
51	25014
52	24476
53	23084
54	22313
55	21525
56	20160
57	18736
58	18128
59	17502
60	17373
61	16646
62	15888
63	15721
64	15184
65	14068
66	13671
67	13630
68	12774
69	11695
70	11656
71	11217
72	10910
73	10766
74	10716
75	10276
76	10026
77	9753
78	9567
79	9256
80	9190
81	8619
82	8938
83	8547
84	7954
85	7736
86	7838
87	7062
88	7796
89	7456
90	7408
91	6982
92	7088
93	6736
94	6316
95	6474
96	6175
97	5871
98	5992
99	5875
100	5679
101	5419
102	5517
103	5299
104	5351
105	5435
106	5108
107	5208
108	5169
109	5027
110	4830
111	4672
112	4874
113	4449
114	4624
115	4174
116	4263
117	4060
118	4004
119	3737
120	4023
121	3931
122	3903
123	3807
124	3794
125	3753
126	3745
127	3759
128	3704
129	3507
130	3535
131	3361
132	3442
133	3411
134	3290
135	3479
136	3361
137	3062
138	3131
139	3054
140	2979
141	2838
142	2840
143	2691
144	2866
145	2683
146	2712
147	2831
148	2698
149	2486
150	2302
151	2390
152	2368
153	2335
154	2318
155	2332
156	2286
157	2283
158	2266
159	2299
160	2105
161	2197
162	1986
163	2051
164	2203
165	1799
166	1950
167	1864
168	1861
169	1970
170	1967
171	1960
172	2022
173	1940
174	2015
175	1942
176	1886
177	1852
178	1775
179	1966
180	1934
181	1931
182	1772
183	1666
184	1771
185	1571
186	1720
187	1670
188	1811
189	1774
190	1639
191	1594
192	1552
193	1839
194	1559
195	1524
196	1374
197	1446
198	1517
199	1430
200	1252
201	1328
202	1354
203	1388
204	1242
205	1282
206	1469
207	1361
208	1390
209	1335
210	1307
211	1288
212	1347
213	1335
214	1375
215	1189
216	1336
217	1267
218	1228
219	1234
220	1248
221	1187
222	1124
223	1102
224	1131
225	1206
226	1201
227	1136
228	1111
229	1050
230	1180
231	964
232	1118
233	1028
234	1002
235	1026
236	1011
237	1068
238	979
239	1026
240	955
241	1007
242	1122
243	948
244	969
245	884
246	1038
247	941
248	967
249	1017
250	1011
251	891
252	883
253	892
254	887
255	883
256	888
257	780
258	892
259	774
260	886
261	895
262	752
263	866
264	799
265	805
266	704
267	749
268	831
269	841
270	813
271	746
272	711
273	710
274	739
275	786
276	745
277	715
278	719
279	670
280	756
281	721
282	719
283	689
284	769
285	696
286	691
287	632
288	655
289	686
290	645
291	630
292	665
293	726
294	758
295	661
296	712
297	617
298	668
299	591
300	606
301	566
302	632
303	609
304	645
305	655
306	698
307	640
308	642
309	621
310	575
311	587
312	612
313	611
314	591
315	527
316	480
317	480
318	524
319	587
320	560
321	493
322	452
323	470
324	491
325	522
326	470
327	510
328	520
329	492
330	488
331	462
332	516
333	507
334	526
335	524
336	426
337	472
338	468
339	436
340	485
341	498
342	490
343	509
344	461
345	507
346	466
347	502
348	545
349	464
350	490
351	480
352	464
353	460
354	524
355	404
356	437
357	441
358	476
359	485
360	476
361	444
362	418
363	492
364	398
365	357
366	474
367	411
368	420
369	402
370	360
371	407
372	382
373	427
374	410
375	378
376	360
377	382
378	366
379	413
380	432
381	388
382	380
383	386
384	404
385	377
386	443
387	422
388	385
389	402
390	352
391	393
392	354
393	385
394	382
395	373
396	358
397	367
398	391
399	347
400	378
401	407
402	415
403	391
404	373
405	385
406	363
407	394
408	323
409	399
410	356
411	360
412	328
413	346
414	379
415	371
416	351
417	330
418	369
419	389
420	384
421	313
422	365
423	394
424	374
425	362
426	415
427	338
428	390
429	345
430	333
431	334
432	344
433	350
434	343
435	313
436	333
437	331
438	343
439	327
440	348
441	314
442	352
443	373
444	317
445	325
446	362
447	328
448	282
449	303
450	304
451	345
452	327
453	351
454	323
455	337
456	344
457	315
458	336
459	327
460	356
461	284
462	326
463	298
464	297
465	293
466	287
467	297
468	292
469	338
470	328
471	312
472	308
473	289
474	284
475	311
476	293
477	309
478	297
479	306
480	265
481	287
482	208
483	240
484	262
485	257
486	253
487	232
488	316
489	273
490	288
491	257
492	302
493	231
494	264
495	232
496	228
497	257
498	261
499	263
500	289
501	258
502	273
503	289
504	246
505	226
506	222
507	199
508	223
509	264
510	257
511	281
512	245
513	237
514	215
515	226
516	217
517	237
518	249
519	270
520	212
521	238
522	202
523	194
524	203
525	182
526	208
527	218
528	251
529	191
530	223
531	244
532	220
533	220
534	233
535	183
536	195
537	193
538	222
539	214
540	242
541	227
542	187
543	208
544	169
545	200
546	181
547	156
548	163
549	173
550	193
551	171
552	182
553	179
554	197
555	190
556	163
557	179
558	184
559	158
560	153
561	179
562	142
563	133
564	166
565	145
566	140
567	153
568	148
569	146
570	168
571	154
572	133
573	134
574	140
575	134
576	162
577	156
578	155
579	160
580	158
581	136
582	144
583	175
584	148
585	168
586	140
587	173
588	179
589	151
590	151
591	149
592	132
593	127
594	148
595	172
596	141
597	147
598	125
599	132
600	159
601	118
602	122
603	146
604	131
605	161
606	127
607	133
608	128
609	165
610	122
611	155
612	126
613	146
614	120
615	107
616	135
617	123
618	104
619	116
620	129
621	137
622	132
623	140
624	125
625	144
626	127
627	115
628	131
629	118
630	136
631	132
632	121
633	125
634	136
635	127
636	126
637	128
638	124
639	101
640	88
641	108
642	105
643	95
644	106
645	133
646	137
647	137
648	129
649	124
650	142
651	122
652	124
653	115
654	123
655	116
656	120
657	155
658	127
659	116
660	126
661	130
662	142
663	124
664	110
665	114
666	111
667	101
668	107
669	92
670	131
671	95
672	110
673	90
674	87
675	86
676	91
677	98
678	127
679	93
680	102
681	108
682	110
683	86
684	96
685	62
686	93
687	76
688	75
689	94
690	111
691	87
692	96
693	79
694	77
695	80
696	85
697	78
698	97
699	100
700	61
701	75
702	83
703	65
704	68
705	112
706	76
707	83
708	76
709	81
710	95
711	89
712	99
713	80
714	82
715	82
716	99
717	81
718	81
719	86
720	77
721	85
722	76
723	77
724	77
725	70
726	90
727	65
728	73
729	96
730	76
731	84
732	86
733	67
734	70
735	77
736	72
737	66
738	82
739	66
740	88
741	58
742	74
743	70
744	67
745	92
746	62
747	78
748	70
749	70
750	71
751	42
752	63
753	54
754	87
755	53
756	73
757	56
758	70
759	68
760	80
761	55
762	78
763	71
764	72
765	77
766	51
767	72
768	67
769	76
770	83
771	67
772	83
773	64
774	67
775	58
776	61
777	58
778	63
779	51
780	78
781	77
782	60
783	67
784	84
785	80
786	61
787	72
788	65
789	68
790	74
791	49
792	83
793	53
794	63
795	70
796	58
797	67
798	50
799	51
800	61
801	63
802	49
803	54
804	64
805	68
806	66
807	53
808	68
809	73
810	60
811	51
812	52
813	60
814	52
815	53
816	46
817	64
818	60
819	64
820	62
821	77
822	72
823	65
824	65
825	79
826	51
827	72
828	76
829	80
830	80
831	61
832	61
833	63
834	63
835	63
836	58
837	72
838	73
839	56
840	67
841	61
842	57
843	49
844	58
845	55
846	52
847	52
848	56
849	66
850	45
851	45
852	75
853	73
854	60
855	59
856	46
857	73
858	60
859	36
860	67
861	40
862	52
863	67
864	52
865	66
866	60
867	60
868	58
869	49
870	52
871	55
872	69
873	55
874	50
875	41
876	42
877	36
878	41
879	46
880	64
881	51
882	42
883	54
884	46
885	55
886	58
887	63
888	43
889	52
890	35
891	58
892	64
893	62
894	49
895	56
896	45
897	57
898	30
899	47
900	44
901	66
902	57
903	47
904	55
905	53
906	53
907	59
908	45
909	55
910	51
911	59
912	57
913	48
914	87
915	66
916	90
917	54
918	81
919	71
920	66
921	57
922	53
923	53
924	60
925	49
926	80
927	67
928	44
929	59
930	43
931	50
932	56
933	60
934	41
935	48
936	46
937	47
938	54
939	39
940	37
941	31
942	36
943	68
944	30
945	32
946	46
947	33
948	45
949	40
950	33
951	42
952	44
953	46
954	39
955	54
956	40
957	48
958	34
959	44
960	42
961	32
962	33
963	36
964	41
965	31
966	42
967	39
968	33
969	42
970	51
971	38
972	37
973	40
974	33
975	41
976	35
977	41
978	37
979	46
980	32
981	27
982	39
983	42
984	49
985	51
986	41
987	41
988	52
989	39
990	32
991	35
992	49
993	56
994	36
995	33
996	36
997	54
998	40
999	44
1000	36
1001	48
1002	65
1003	49
1004	47
1005	66
1006	49
1007	42
1008	40
1009	44
1010	38
1011	50
1012	47
1013	43
1014	41
1015	50
1016	30
1017	48
1018	52
1019	57
1020	50
1021	44
1022	49
1023	31
1024	67
1025	36
1026	36
1027	23
1028	56
1029	54
1030	39
1031	34
1032	46
1033	45
1034	52
1035	46
1036	48
1037	37
1038	31
1039	38
1040	47
1041	37
1042	36
1043	48
1044	51
1045	40
1046	45
1047	48
1048	36
1049	43
1050	54
1051	41
1052	48
1053	42
1054	37
1055	48
1056	29
1057	44
1058	34
1059	47
1060	21
1061	25
1062	39
1063	43
1064	29
1065	36
1066	29
1067	34
1068	41
1069	48
1070	34
1071	33
1072	39
1073	35
1074	27
1075	38
1076	47
1077	36
1078	50
1079	33
1080	31
1081	33
1082	31
1083	39
1084	46
1085	60
1086	49
1087	29
1088	46
1089	27
1090	32
1091	32
1092	41
1093	34
1094	23
1095	32
1096	29
1097	42
1098	35
1099	35
1100	28
1101	35
1102	23
1103	41
1104	28
1105	39
1106	46
1107	28
1108	35
1109	38
1110	25
1111	24
1112	42
1113	38
1114	32
1115	29
1116	37
1117	28
1118	37
1119	34
1120	31
1121	36
1122	39
1123	38
1124	33
1125	27
1126	21
1127	33
1128	36
1129	24
1130	30
1131	24
1132	26
1133	39
1134	26
1135	41
1136	38
1137	41
1138	31
1139	36
1140	29
1141	29
1142	21
1143	28
1144	23
1145	35
1146	33
1147	25
1148	34
1149	28
1150	31
1151	27
1152	27
1153	25
1154	24
1155	23
1156	22
1157	26
1158	31
1159	25
1160	30
1161	34
1162	30
1163	21
1164	30
1165	31
1166	32
1167	24
1168	23
1169	30
1170	36
1171	25
1172	18
1173	17
1174	27
1175	25
1176	31
1177	23
1178	20
1179	33
1180	34
1181	28
1182	30
1183	38
1184	29
1185	29
1186	11
1187	28
1188	28
1189	38
1190	29
1191	27
1192	36
1193	38
1194	31
1195	38
1196	29
1197	31
1198	24
1199	41
1200	46
1201	39
1202	37
1203	34
1204	28
1205	23
1206	20
1207	26
1208	21
1209	36
1210	33
1211	27
1212	15
1213	32
1214	24
1215	19
1216	24
1217	20
1218	25
1219	27
1220	38
1221	37
1222	21
1223	35
1224	29
1225	24
1226	21
1227	32
1228	23
1229	23
1230	19
1231	22
1232	18
1233	19
1234	25
1235	18
1236	18
1237	32
1238	27
1239	18
1240	24
1241	22
1242	19
1243	25
1244	25
1245	20
1246	18
1247	25
1248	22
1249	33
1250	53
1251	30
1252	21
1253	29
1254	27
1255	16
1256	27
1257	26
1258	25
1259	24
1260	30
1261	16
1262	22
1263	33
1264	22
1265	17
1266	23
1267	29
1268	18
1269	26
1270	26
1271	36
1272	37
1273	38
1274	30
1275	27
1276	29
1277	17
1278	31
1279	27
1280	28
1281	34
1282	26
1283	31
1284	20
1285	19
1286	27
1287	17
1288	12
1289	29
1290	19
1291	24
1292	17
1293	12
1294	19
1295	18
1296	24
1297	19
1298	24
1299	25
1300	15
1301	20
1302	17
1303	23
1304	20
1305	21
1306	17
1307	19
1308	9
1309	19
1310	22
1311	20
1312	14
1313	13
1314	20
1315	17
1316	16
1317	21
1318	13
1319	20
1320	15
1321	18
1322	20
1323	16
1324	18
1325	14
1326	7
1327	13
1328	12
1329	20
1330	19
1331	21
1332	29
1333	23
1334	18
1335	31
1336	12
1337	19
1338	24
1339	13
1340	14
1341	25
1342	20
1343	17
1344	14
1345	9
1346	21
1347	13
1348	14
1349	16
1350	16
1351	14
1352	13
1353	15
1354	12
1355	6
1356	14
1357	15
1358	19
1359	11
1360	12
1361	14
1362	26
1363	15
1364	7
1365	10
1366	22
1367	13
1368	14
1369	18
1370	14
1371	13
1372	14
1373	17
1374	23
1375	16
1376	19
1377	13
1378	20
1379	16
1380	19
1381	12
1382	11
1383	6
1384	14
1385	17
1386	15
1387	11
1388	20
1389	13
1390	21
1391	15
1392	19
1393	17
1394	7
1395	12
1396	17
1397	10
1398	13
1399	18
1400	16
1401	11
1402	24
1403	16
1404	20
1405	21
1406	16
1407	19
1408	16
1409	14
1410	16
1411	17
1412	13
1413	16
1414	13
1415	19
1416	12
1417	15
1418	15
1419	18
1420	15
1421	12
1422	15
1423	21
1424	12
1425	14
1426	22
1427	15
1428	12
1429	15
1430	12
1431	14
1432	17
1433	16
1434	15
1435	16
1436	14
1437	20
1438	21
1439	16
1440	16
1441	28
1442	17
1443	14
1444	20
1445	31
1446	23
1447	19
1448	16
1449	21
1450	18
1451	19
1452	15
1453	27
1454	19
1455	26
1456	18
1457	17
1458	28
1459	17
1460	21
1461	24
1462	23
1463	27
1464	25
1465	16
1466	14
1467	19
1468	25
1469	20
1470	18
1471	17
1472	36
1473	18
1474	16
1475	20
1476	15
1477	16
1478	15
1479	13
1480	10
1481	18
1482	12
1483	12
1484	17
1485	21
1486	15
1487	23
1488	19
1489	24
1490	14
1491	21
1492	34
1493	31
1494	30
1495	22
1496	14
1497	18
1498	24
1499	12
1500	14
1501	17
1502	14
1503	15
1504	15
1505	9
1506	11
1507	20
1508	13
1509	13
1510	9
1511	16
1512	18
1513	13
1514	10
1515	10
1516	8
1517	12
1518	16
1519	11
1520	12
1521	14
1522	13
1523	12
1524	12
1525	21
1526	9
1527	12
1528	10
1529	12
1530	10
1531	12
1532	14
1533	8
1534	18
1535	13
1536	12
1537	18
1538	17
1539	19
1540	13
1541	18
1542	22
1543	16
1544	18
1545	26
1546	25
1547	18
1548	21
1549	14
1550	11
1551	19
1552	17
1553	11
1554	11
1555	8
1556	19
1557	18
1558	14
1559	14
1560	14
1561	11
1562	14
1563	13
1564	20
1565	20
1566	25
1567	20
1568	15
1569	11
1570	9
1571	8
1572	17
1573	19
1574	16
1575	19
1576	23
1577	14
1578	12
1579	13
1580	12
1581	15
1582	13
1583	18
1584	14
1585	15
1586	11
1587	19
1588	11
1589	19
1590	16
1591	14
1592	18
1593	16
1594	19
1595	16
1596	19
1597	8
1598	11
1599	22
1600	10
1601	8
1602	11
1603	17
1604	9
1605	14
1606	17
1607	8
1608	16
1609	14
1610	9
1611	12
1612	18
1613	8
1614	10
1615	14
1616	13
1617	8
1618	14
1619	11
1620	13
1621	15
1622	16
1623	17
1624	8
1625	13
1626	16
1627	10
1628	12
1629	12
1630	18
1631	7
1632	14
1633	20
1634	15
1635	19
1636	16
1637	20
1638	14
1639	22
1640	16
1641	18
1642	11
1643	20
1644	13
1645	19
1646	20
1647	14
1648	21
1649	30
1650	13
1651	12
1652	12
1653	7
1654	14
1655	9
1656	12
1657	10
1658	9
1659	14
1660	17
1661	10
1662	9
1663	11
1664	10
1665	8
1666	6
1667	9
1668	6
1669	8
1670	8
1671	15
1672	7
1673	14
1674	3
1675	10
1676	10
1677	7
1678	5
1679	9
1680	13
1681	7
1682	14
1683	6
1684	5
1685	8
1686	9
1687	12
1688	14
1689	12
1690	12
1691	8
1692	13
1693	13
1694	7
1695	5
1696	9
1697	9
1698	12
1699	11
1700	13
1701	18
1702	6
1703	17
1704	10
1705	14
1706	8
1707	8
1708	10
1709	9
1710	15
1711	12
1712	9
1713	15
1714	7
1715	2
1716	8
1717	8
1718	8
1719	18
1720	12
1721	17
1722	10
1723	7
1724	8
1725	13
1726	8
1727	8
1728	10
1729	5
1730	8
1731	11
1732	14
1733	10
1734	8
1735	18
1736	5
1737	8
1738	7
1739	7
1740	7
1741	12
1742	6
1743	13
1744	14
1745	13
1746	9
1747	13
1748	17
1749	12
1750	11
1751	12
1752	6
1753	6
1754	9
1755	8
1756	7
1757	10
1758	9
1759	14
1760	9
1761	5
1762	8
1763	10
1764	9
1765	9
1766	4
1767	8
1768	3
1769	4
1770	9
1771	11
1772	6
1773	5
1774	5
1775	4
1776	10
1777	8
1778	8
1779	7
1780	9
1781	7
1782	6
1783	9
1784	7
1785	11
1786	9
1787	8
1788	9
1789	10
1790	8
1791	3
1792	6
1793	4
1794	5
1795	4
1796	8
1797	9
1798	18
1799	7
1800	7
1801	5
1802	10
1803	6
1804	2
1805	7
1806	6
1807	5
1808	7
1809	8
1810	6
1811	6
1812	5
1813	9
1814	7
1815	10
1816	10
1817	7
1818	7
1819	7
1820	7
1821	4
1822	7
1823	3
1824	7
1825	6
1826	5
1827	3
1828	10
1829	2
1830	6
1831	3
1832	5
1833	4
1834	10
1835	5
1836	11
1837	6
1838	7
1839	10
1840	6
1841	5
1842	4
1843	4
1844	4
1845	8
1846	3
1847	5
1848	9
1849	6
1850	10
1851	5
1852	7
1853	4
1854	7
1855	7
1856	10
1857	6
1858	9
1859	8
1860	11
1861	12
1862	6
1863	11
1864	8
1865	1
1866	5
1867	4
1868	4
1869	11
1870	5
1871	6
1872	7
1873	7
1874	8
1875	14
1876	8
1877	7
1878	4
1879	6
1880	10
1881	7
1882	3
1883	10
1884	4
1885	8
1886	5
1887	8
1888	8
1889	7
1890	10
1891	8
1892	10
1893	3
1894	5
1895	12
1896	6
1897	4
1898	7
1899	11
1900	11
1901	10
1902	12
1903	4
1904	13
1905	9
1906	8
1907	4
1908	3
1909	9
1910	4
1911	8
1912	11
1913	7
1914	13
1915	10
1916	18
1917	12
1918	6
1919	4
1920	5
1921	7
1922	5
1923	9
1924	4
1925	6
1926	4
1927	12
1928	7
1929	5
1930	8
1931	4
1932	9
1933	5
1934	9
1935	4
1936	2
1937	6
1938	7
1939	8
1940	4
1941	5
1942	4
1943	5
1944	3
1945	6
1946	10
1947	7
1948	5
1949	8
1950	12
1951	7
1952	9
1953	9
1954	6
1955	6
1956	3
1957	3
1958	1
1959	1
1960	3
1961	5
1962	5
1963	4
1964	2
1965	4
1966	7
1967	2
1968	5
1969	6
1970	7
1971	4
1972	4
1973	4
1974	4
1975	3
1976	7
1977	2
1978	4
1979	3
1980	7
1981	10
1982	3
1983	3
1984	2
1985	8
1986	5
1987	2
1988	6
1989	5
1990	7
1991	2
1992	7
1993	4
1994	5
1995	1
1996	6
1997	6
1998	6
1999	5
2000	4
2001	4
2002	3
2003	2
2004	9
2005	2
2006	6
2007	7
2008	4
2009	3
2010	9
2011	7
2012	3
2013	4
2014	7
2015	7
2016	9
2017	13
2018	3
2019	9
2020	8
2021	3
2022	4
2023	3
2024	5
2025	6
2026	12
2027	10
2028	12
2029	17
2030	4
2031	6
2032	8
2033	3
2034	7
2035	5
2036	6
2037	8
2038	6
2039	4
2040	6
2041	7
2042	7
2043	3
2044	3
2045	3
2046	2
2047	3
2048	3
2049	9
2050	18
2051	5
2052	1
2053	7
2054	3
2055	2
2056	5
2057	3
2058	5
2059	5
2060	4
2061	3
2062	1
2063	11
2064	5
2065	4
2066	5
2067	5
2068	11
2069	4
2070	9
2071	10
2072	7
2073	3
2074	7
2075	6
2076	1
2077	7
2078	2
2079	7
2080	5
2081	6
2082	4
2083	2
2084	6
2085	4
2086	4
2087	6
2088	7
2089	9
2090	4
2091	7
2092	8
2093	5
2094	4
2095	6
2096	7
2097	6
2098	6
2099	6
2100	4
2101	4
2102	11
2103	2
2104	6
2105	3
2106	4
2107	2
2108	3
2109	6
2110	9
2111	7
2112	5
2113	1
2114	4
2115	5
2116	1
2117	3
2118	5
2119	2
2120	4
2121	4
2122	8
2123	3
2124	3
2125	8
2126	4
2127	4
2128	9
2129	5
2130	3
2131	5
2132	6
2133	2
2134	7
2135	4
2136	3
2137	7
2138	3
2139	5
2140	2
2141	7
2142	6
2143	5
2144	3
2145	1
2146	2
2147	2
2148	4
2149	3
2150	5
2151	7
2152	4
2153	3
2154	2
2155	6
2156	4
2157	6
2158	5
2159	3
2160	2
2161	8
2162	2
2163	7
2164	6
2165	3
2166	8
2167	6
2168	4
2169	5
2170	3
2171	6
2172	6
2173	6
2175	4
2176	3
2177	5
2178	9
2179	4
2180	7
2181	6
2182	6
2183	5
2184	2
2185	11
2186	7
2187	6
2188	10
2189	7
2190	4
2191	6
2192	5
2193	2
2194	6
2195	2
2196	5
2197	7
2198	5
2199	6
2200	4
2201	2
2202	7
2203	11
2204	8
2205	6
2206	6
2207	7
2208	5
2209	5
2210	3
2211	2
2212	3
2213	3
2214	2
2215	7
2216	5
2217	3
2218	8
2219	6
2220	2
2221	3
2222	8
2223	7
2224	4
2225	5
2226	7
2227	4
2228	6
2229	7
2230	6
2231	4
2232	3
2233	2
2234	7
2235	4
2236	6
2237	1
2238	6
2239	6
2240	5
2241	5
2242	4
2243	4
2244	7
2245	3
2247	5
2248	3
2249	4
2250	3
2251	3
2252	6
2253	4
2254	10
2255	5
2256	4
2257	2
2258	6
2259	6
2260	5
2261	3
2262	4
2263	1
2264	5
2265	1
2266	1
2267	5
2268	3
2269	4
2270	5
2271	4
2272	6
2273	5
2274	6
2275	5
2276	6
2277	5
2278	8
2279	2
2280	4
2281	4
2282	4
2283	6
2284	2
2285	4
2286	9
2287	4
2288	1
2289	3
2290	1
2291	4
2292	3
2293	2
2294	6
2295	7
2296	3
2297	4
2298	5
2299	3
2300	2
2301	5
2302	3
2303	3
2304	5
2305	2
2306	9
2307	4
2308	6
2309	5
2310	3
2311	4
2312	8
2313	6
2314	5
2315	21
2316	8
2317	10
2318	4
2319	8
2320	3
2321	15
2322	2
2323	4
2324	5
2325	6
2326	4
2327	7
2328	2
2329	3
2330	4
2331	3
2332	5
2333	2
2334	6
2335	7
2336	4
2337	4
2338	4
2339	6
2340	3
2341	10
2342	5
2343	6
2344	3
2345	4
2346	5
2347	5
2348	8
2349	4
2350	3
2351	10
2352	5
2353	5
2354	7
2355	13
2356	3
2357	6
2358	4
2359	7
2360	6
2361	1
2362	3
2363	3
2364	5
2365	5
2366	4
2367	3
2368	3
2369	5
2370	3
2371	3
2372	3
2373	7
2374	1
2375	7
2376	3
2377	4
2378	3
2379	3
2380	3
2381	3
2382	8
2383	5
2384	6
2385	3
2386	2
2387	3
2388	4
2389	5
2390	7
2391	4
2392	5
2393	7
2394	5
2395	2
2396	7
2397	2
2398	1
2399	2
2400	7
2401	5
2402	2
2403	4
2404	8
2405	4
2406	3
2407	3
2409	2
2410	6
2411	3
2412	4
2413	8
2414	2
2415	2
2416	2
2417	7
2418	3
2419	6
2420	7
2421	3
2422	3
2423	4
2424	7
2425	5
2426	6
2427	3
2428	2
2429	7
2430	4
2431	6
2432	6
2433	4
2434	4
2435	3
2436	4
2437	3
2438	3
2439	5
2440	11
2441	8
2442	4
2443	7
2444	5
2445	1
2446	4
2447	4
2448	2
2449	5
2450	12
2451	3
2452	1
2453	5
2454	7
2455	3
2456	6
2457	3
2458	3
2459	3
2460	7
2461	7
2462	5
2463	22
2464	5
2465	3
2466	3
2467	6
2468	3
2470	2
2471	3
2472	2
2473	5
2474	5
2475	1
2476	4
2477	7
2478	1
2479	6
2480	5
2481	4
2482	1
2483	4
2484	5
2485	4
2486	3
2487	8
2488	3
2489	8
2490	3
2491	3
2492	4
2493	1
2494	5
2495	8
2496	3
2497	4
2498	3
2499	6
2500	9
2501	7
2502	6
2503	7
2504	4
2505	8
2506	4
2507	3
2508	9
2509	10
2510	8
2511	3
2512	3
2513	4
2514	8
2515	8
2516	5
2517	7
2518	4
2519	1
2520	5
2522	2
2523	6
2525	7
2526	4
2527	1
2528	2
2529	8
2530	5
2531	7
2532	9
2533	9
2534	4
2535	4
2536	1
2537	3
2538	1
2539	3
2541	4
2542	2
2543	5
2544	2
2545	3
2546	3
2547	3
2548	2
2549	1
2550	1
2551	1
2552	1
2553	3
2554	7
2555	4
2556	8
2557	1
2558	5
2559	4
2560	1
2561	1
2562	2
2563	6
2564	3
2565	5
2566	2
2567	3
2568	3
2569	3
2570	4
2571	6
2572	7
2573	5
2574	3
2575	3
2576	3
2577	5
2578	5
2579	2
2580	2
2581	2
2582	3
2583	1
2584	1
2585	4
2587	4
2588	1
2589	2
2591	4
2592	2
2593	1
2594	2
2595	2
2596	2
2597	3
2598	2
2599	6
2601	1
2602	5
2603	1
2604	3
2605	3
2606	2
2607	1
2608	2
2610	3
2611	2
2612	1
2613	4
2614	4
2615	3
2616	2
2617	1
2618	4
2619	2
2620	4
2621	3
2622	2
2623	5
2624	2
2625	3
2626	2
2627	3
2628	4
2629	4
2630	5
2631	4
2632	4
2633	2
2634	3
2635	4
2636	6
2637	1
2638	1
2639	1
2640	1
2641	1
2642	1
2643	1
2644	3
2645	1
2646	3
2647	1
2648	4
2649	3
2650	2
2651	2
2652	4
2653	2
2654	4
2655	4
2656	5
2658	4
2659	4
2660	2
2661	3
2662	5
2663	1
2664	4
2665	6
2667	4
2668	9
2669	4
2670	3
2671	2
2672	2
2673	2
2674	5
2675	2
2676	2
2677	4
2678	20
2679	5
2680	7
2681	1
2682	6
2683	3
2684	3
2685	4
2686	4
2687	6
2688	1
2689	1
2690	5
2691	2
2692	3
2693	3
2694	3
2695	3
2696	5
2697	4
2698	5
2699	3
2700	4
2702	4
2703	3
2704	3
2705	3
2706	3
2707	4
2708	5
2709	5
2710	4
2711	7
2712	9
2713	6
2714	5
2715	4
2716	1
2718	7
2719	3
2720	3
2721	2
2722	5
2723	4
2724	6
2725	4
2726	4
2727	5
2728	4
2729	1
2730	4
2731	1
2732	4
2733	4
2734	2
2735	2
2736	6
2737	2
2738	4
2739	4
2740	5
2741	5
2742	4
2743	3
2744	2
2745	3
2746	3
2748	2
2749	4
2750	2
2751	12
2752	3
2753	1
2754	3
2755	4
2756	1
2757	1
2758	2
2759	4
2760	3
2761	1
2762	3
2763	5
2764	3
2765	2
2766	2
2767	4
2768	5
2769	2
2770	3
2771	5
2772	7
2773	5
2774	3
2775	4
2776	3
2777	3
2778	3
2779	4
2780	3
2781	3
2782	1
2783	2
2784	4
2786	8
2787	2
2788	1
2789	2
2790	1
2791	6
2792	1
2793	2
2794	3
2795	6
2796	5
2797	4
2798	4
2799	2
2800	5
2801	1
2802	3
2803	2
2804	2
2805	6
2806	4
2807	1
2808	4
2810	7
2811	2
2812	1
2813	1
2814	6
2816	4
2817	2
2818	5
2819	4
2820	2
2821	3
2822	4
2824	7
2825	5
2826	1
2827	2
2828	5
2829	5
2830	1
2831	4
2833	2
2834	4
2835	2
2836	3
2837	3
2838	3
2839	2
2840	3
2841	2
2842	1
2843	4
2844	2
2845	2
2846	6
2847	1
2848	1
2849	2
2850	1
2851	1
2852	1
2853	2
2854	1
2855	3
2856	3
2857	5
2859	5
2860	2
2861	5
2862	3
2863	1
2864	1
2865	2
2866	1
2867	3
2868	2
2869	4
2870	3
2872	5
2873	1
2874	1
2875	1
2876	4
2877	3
2878	6
2879	4
2880	1
2881	2
2882	3
2884	4
2885	3
2886	2
2887	2
2888	2
2889	4
2890	1
2891	3
2892	2
2894	7
2895	3
2896	3
2897	1
2898	3
2899	4
2900	4
2901	3
2903	2
2904	1
2905	5
2907	1
2908	3
2909	3
2910	5
2911	2
2914	3
2915	2
2916	6
2918	5
2919	2
2920	3
2921	1
2922	2
2923	8
2924	6
2925	2
2926	4
2927	3
2928	7
2929	1
2930	3
2931	5
2932	4
2933	2
2934	1
2935	3
2936	2
2937	9
2938	5
2939	7
2940	7
2941	6
2942	3
2943	3
2944	4
2945	7
2946	5
2947	6
2948	4
2950	2
2951	3
2952	3
2953	18
2954	7
2955	2
2956	2
2957	1
2958	7
2959	5
2960	6
2961	4
2962	3
2963	4
2964	10
2965	4
2966	4
2967	6
2968	1
2969	2
2970	5
2971	11
2972	3
2973	5
2974	8
2975	6
2976	3
2977	1
2978	8
2979	4
2980	3
2981	7
2982	4
2983	3
2984	3
2985	3
2986	7
2987	1
2988	7
2989	3
2990	6
2991	5
2992	3
2993	2
2994	3
2995	13
2996	2
2997	2
2998	4
2999	4
3000	7
3001	2
3002	1
3003	2
3004	2
3005	4
3006	3
3007	6
3008	6
3009	5
3010	5
3011	3
3012	7
3013	4
3014	2
3015	4
3016	3
3017	2
3018	2
3019	3
3020	2
3021	2
3022	1
3023	3
3024	4
3025	3
3026	5
3027	2
3028	2
3029	3
3030	4
3031	4
3032	2
3033	1
3035	2
3036	1
3037	3
3038	2
3039	2
3040	4
3041	1
3042	3
3043	1
3044	4
3046	2
3047	9
3049	4
3050	7
3051	4
3052	3
3053	3
3054	4
3055	2
3056	2
3057	5
3058	1
3059	1
3060	1
3061	4
3062	6
3063	2
3064	3
3065	2
3066	3
3067	4
3068	3
3069	5
3070	3
3071	4
3072	8
3073	3
3074	3
3075	2
3076	1
3077	1
3078	2
3079	4
3080	4
3081	1
3082	3
3083	1
3084	4
3085	4
3086	1
3087	1
3088	2
3089	1
3090	5
3091	4
3092	1
3093	1
3094	5
3095	5
3096	5
3097	4
3098	4
3099	2
3100	4
3101	4
3102	1
3103	4
3104	3
3106	5
3107	3
3108	4
3109	5
3110	4
3111	6
3112	4
3113	9
3114	7
3115	6
3116	2
3117	5
3118	3
3119	2
3120	8
3121	6
3122	4
3123	4
3124	2
3125	1
3126	2
3127	3
3128	2
3129	7
3130	1
3132	2
3133	2
3134	2
3135	2
3136	1
3139	2
3140	2
3141	2
3142	1
3143	1
3144	2
3145	3
3146	2
3147	2
3148	2
3149	1
3150	3
3151	2
3152	2
3153	3
3154	5
3155	4
3156	2
3157	1
3159	2
3160	3
3162	1
3163	2
3164	4
3165	4
3166	2
3167	6
3168	1
3169	6
3170	3
3171	1
3172	2
3173	1
3174	2
3175	2
3176	1
3177	2
3178	1
3179	5
3181	1
3183	2
3184	3
3185	1
3187	5
3188	5
3189	1
3190	2
3191	3
3192	3
3193	4
3194	5
3195	4
3196	6
3197	2
3198	3
3199	5
3200	4
3201	2
3202	5
3203	7
3204	2
3205	5
3206	4
3207	7
3208	7
3209	3
3210	5
3211	2
3212	2
3213	1
3214	2
3215	2
3216	3
3218	6
3219	6
3220	3
3221	5
3222	1
3223	2
3224	3
3225	5
3226	3
3227	3
3228	4
3229	4
3230	2
3231	9
3232	3
3233	6
3234	4
3235	2
3236	5
3237	3
3238	2
3239	4
3240	8
3241	4
3242	1
3243	6
3244	3
3245	2
3247	1
3248	1
3249	3
3250	1
3251	1
3252	2
3253	2
3254	3
3255	1
3257	1
3258	3
3259	4
3260	1
3262	7
3263	3
3264	2
3265	3
3266	8
3267	1
3268	2
3269	3
3270	5
3271	2
3272	4
3273	2
3274	4
3275	3
3276	3
3278	2
3279	3
3280	1
3281	1
3283	5
3284	3
3285	2
3286	1
3288	1
3289	1
3290	2
3291	3
3292	2
3294	1
3295	4
3298	2
3300	2
3301	1
3302	2
3304	1
3306	1
3310	1
3311	1
3315	2
3316	2
3317	3
3320	1
3321	1
3322	1
3324	2
3329	2
3331	1
3332	1
3333	1
3334	2
3338	3
3341	1
3342	3
3343	3
3346	1
3347	1
3348	3
3349	1
3350	1
3352	2
3353	1
3354	2
3355	1
3356	2
3359	3
3360	1
3361	1
3362	1
3363	1
3364	1
3365	2
3366	1
3367	2
3368	1
3369	1
3371	2
3374	1
3375	1
3376	3
3377	1
3378	1
3379	1
3380	1
3381	1
3382	1
3383	4
3384	1
3385	3
3386	2
3387	2
3388	1
3389	1
3391	3
3392	1
3393	1
3395	2
3396	2
3398	1
3400	1
3402	2
3407	1
3408	1
3409	2
3412	2
3414	1
3415	1
3416	2
3419	3
3420	2
3421	2
3422	1
3424	1
3425	1
3426	1
3428	2
3429	2
3430	1
3431	2
3433	2
3434	1
3435	1
3436	5
3438	1
3439	1
3440	1
3441	1
3443	1
3445	3
3446	1
3448	1
3449	2
3452	1
3453	1
3454	3
3455	1
3456	1
3457	1
3458	2
3460	2
3461	1
3462	2
3464	3
3465	3
3467	1
3468	1
3469	14
3470	1
3471	3
3472	2
3473	1
3475	3
3477	2
3478	1
3482	15
3483	5
3487	2
3488	1
3490	1
3491	1
3492	1
3493	1
3494	1
3495	2
3497	1
3500	2
3501	2
3502	1
3504	2
3505	3
3507	2
3508	1
3509	1
3510	2
3511	1
3512	1
3515	3
3519	1
3520	1
3521	1
3523	1
3525	1
3527	3
3529	1
3531	1
3532	1
3534	1
3535	2
3541	2
3542	3
3544	1
3545	1
3546	3
3548	1
3549	1
3551	1
3552	1
3554	1
3555	3
3556	1
3557	1
3559	1
3562	1
3563	2
3565	2
3571	1
3573	1
3575	1
3576	2
3577	1
3578	2
3580	1
3581	2
3583	2
3585	1
3586	2
3587	2
3588	2
3589	1
3590	1
3591	1
3592	1
3593	1
3597	1
3598	2
3601	3
3602	2
3603	4
3606	2
3607	1
3608	1
3609	1
3610	3
3611	2
3612	3
3613	2
3614	3
3615	2
3616	2
3617	1
3619	2
3620	2
3621	3
3622	3
3624	2
3625	3
3627	1
3630	2
3631	3
3632	4
3633	2
3634	2
3635	1
3636	3
3637	2
3639	2
3640	1
3643	1
3646	2
3647	2
3649	1
3650	2
3652	2
3653	1
3654	1
3655	2
3657	2
3658	3
3659	1
3661	1
3662	1
3665	2
3666	2
3667	2
3668	5
3669	1
3670	1
3672	1
3673	2
3675	1
3676	4
3677	3
3678	2
3679	1
3680	1
3682	1
3683	4
3684	1
3685	3
3686	2
3687	2
3688	2
3690	3
3691	2
3692	1
3693	3
3694	2
3695	1
3696	1
3698	2
3699	2
3701	2
3703	1
3706	1
3708	3
3709	3
3710	1
3711	1
3712	1
3714	2
3716	2
3717	1
3718	2
3719	1
3720	2
3721	1
3722	3
3723	2
3724	1
3725	1
3728	2
3730	1
3731	3
3734	1
3736	2
3737	1
3738	7
3740	3
3741	3
3742	1
3743	2
3745	6
3746	2
3752	1
3753	1
3754	1
3755	2
3756	1
3757	1
3758	1
3759	2
3760	2
3761	3
3763	1
3767	1
3769	1
3770	3
3771	1
3774	1
3775	1
3777	1
3778	3
3779	1
3780	1
3781	4
3782	3
3783	2
3784	2
3785	2
3787	1
3788	2
3789	1
3791	1
3793	1
3794	1
3795	1
3796	3
3797	3
3798	1
3799	1
3800	3
3801	1
3802	2
3805	1
3809	1
3810	1
3812	1
3813	1
3814	2
3815	1
3816	1
3819	1
3820	1
3822	1
3823	2
3824	1
3826	1
3829	1
3830	3
3832	1
3834	1
3835	1
3837	1
3839	1
3841	1
3842	3
3844	1
3845	1
3846	1
3847	1
3848	1
3852	1
3853	2
3854	1
3855	1
3858	1
3859	1
3860	1
3861	1
3866	1
3869	2
3871	1
3872	2
3875	1
3876	2
3877	2
3878	1
3879	1
3880	2
3881	1
3886	2
3887	1
3890	1
3891	1
3894	1
3895	1
3897	2
3899	1
3900	2
3901	1
3904	2
3905	2
3906	1
3907	1
3909	2
3910	2
3912	1
3913	1
3918	1
3921	2
3922	3
3923	2
3927	3
3931	1
3934	1
3937	1
3938	3
3939	1
3941	2
3944	1
3945	1
3950	2
3951	2
3952	1
3953	2
3954	3
3956	2
3957	1
3960	1
3961	2
3965	3
3969	1
3970	2
3972	1
3973	2
3974	1
3975	1
3977	2
3978	1
3979	1
3980	3
3982	1
3983	5
3986	2
3987	1
3989	1
3990	1
3991	3
3992	1
3993	2
3994	3
3997	2
3998	3
3999	1
4000	1
4001	1
4002	3
4003	2
4004	1
4005	2
4006	2
4007	2
4008	3
4010	1
4012	2
4013	2
4014	1
4015	1
4016	2
4017	2
4018	1
4019	3
4020	2
4021	3
4022	2
4023	2
4025	2
4026	2
4027	2
4028	3
4029	1
4030	2
4031	1
4032	1
4034	3
4035	2
4037	2
4038	2
4039	2
4040	3
4041	1
4042	2
4044	1
4045	3
4046	2
4047	2
4048	3
4050	5
4051	3
4052	3
4053	5
4054	1
4055	1
4056	3
4057	2
4058	2
4059	2
4060	7
4061	2
4062	2
4063	2
4064	1
4065	1
4066	2
4068	3
4069	3
4071	3
4073	2
4074	3
4075	1
4076	3
4079	1
4081	3
4082	4
4085	1
4086	1
4087	1
4088	2
4089	1
4092	3
4093	1
4094	2
4095	2
4096	1
4097	4
4098	4
4099	4
4100	2
4101	2
4102	4
4103	3
4104	1
4105	2
4107	1
4108	1
4109	1
4110	1
4111	1
4113	2
4114	1
4116	1
4117	1
4119	1
4120	2
4121	4
4123	3
4124	1
4125	4
4126	3
4127	1
4128	2
4129	2
4130	3
4132	3
4134	3
4136	3
4137	3
4138	1
4139	2
4140	2
4141	3
4142	1
4143	2
4144	2
4147	2
4148	2
4152	1
4154	1
4155	2
4160	2
4162	1
4164	1
4166	2
4167	1
4169	2
4170	1
4173	2
4174	2
4175	1
4176	1
4179	1
4180	2
4181	1
4182	1
4185	1
4187	2
4189	1
4191	1
4192	1
4194	1
4195	2
4197	2
4201	1
4202	1
4203	1
4206	1
4207	1
4208	1
4209	1
4210	2
4211	1
4214	1
4215	1
4216	2
4217	3
4218	3
4219	1
4221	2
4223	1
4224	2
4225	2
4227	2
4229	1
4230	1
4231	1
4232	1
4234	1
4235	1
4237	2
4238	1
4240	4
4244	1
4245	1
4246	2
4248	3
4249	1
4251	2
4252	3
4253	3
4254	22
4255	2
4256	3
4258	1
4261	6
4262	1
4263	1
4264	1
4265	3
4266	1
4267	3
4268	1
4269	18
4270	1
4271	1
4273	1
4274	2
4276	2
4278	1
4281	1
4283	2
4285	1
4286	1
4287	1
4288	3
4290	1
4291	1
4292	2
4293	2
4294	3
4296	1
4297	1
4298	1
4299	2
4300	2
4302	2
4303	1
4304	4
4305	3
4306	1
4307	1
4308	3
4311	1
4312	1
4313	2
4314	3
4316	2
4317	1
4319	1
4321	1
4322	2
4323	3
4327	1
4328	1
4329	2
4330	1
4331	2
4332	1
4334	1
4337	2
4340	1
4342	1
4343	1
4344	1
4345	2
4349	1
4353	1
4354	2
4357	2
4358	2
4359	1
4361	1
4364	1
4366	1
4367	1
4368	2
4369	1
4370	1
4371	2
4372	1
4373	3
4374	3
4375	1
4376	1
4379	1
4382	2
4383	1
4384	2
4385	2
4387	1
4389	1
4390	1
4393	2
4394	3
4395	4
4396	1
4397	2
4398	2
4399	2
4400	2
4401	1
4402	2
4403	2
4404	2
4410	1
4412	1
4413	1
4414	1
4416	1
4419	1
4420	2
4421	1
4422	2
4423	3
4424	1
4425	2
4426	2
4427	3
4434	3
4435	1
4436	2
4437	1
4439	1
4440	2
4441	1
4442	1
4444	2
4445	2
4446	1
4447	3
4448	2
4450	2
4451	1
4453	1
4454	3
4455	1
4456	1
4457	1
4460	1
4461	1
4462	1
4463	1
4464	1
4466	1
4467	1
4468	1
4469	2
4471	1
4472	1
4473	3
4474	1
4476	1
4478	1
4479	1
4480	1
4483	3
4484	1
4489	2
4490	1
4491	2
4492	2
4493	2
4495	2
4501	2
4503	1
4504	3
4505	2
4506	2
4508	1
4509	2
4510	3
4512	1
4513	2
4515	1
4516	2
4517	2
4519	1
4520	1
4521	1
4523	1
4525	1
4526	1
4528	2
4530	1
4531	1
4532	2
4534	2
4535	1
4536	1
4537	1
4539	1
4540	1
4541	2
4542	3
4545	1
4547	2
4548	1
4549	2
4550	1
4552	1
4556	1
4559	1
4568	2
4573	1
4575	1
4577	1
4581	1
4582	1
4584	2
4586	1
4594	1
4596	2
4598	1
4600	1
4607	1
4611	1
4616	1
4624	1
4626	2
4628	2
4631	2
4633	2
4634	1
4637	1
4639	1
4640	1
4643	2
4644	2
4649	1
4650	1
4651	1
4656	1
4657	1
4660	2
4661	1
4666	1
4667	1
4671	2
4673	1
4675	2
4676	2
4678	1
4679	1
4682	1
4683	1
4684	1
4685	1
4686	2
4691	1
4692	1
4699	1
4704	1
4705	1
4706	1
4707	2
4708	1
4711	1
4717	1
4719	1
4723	1
4724	1
4729	1
4737	2
4739	1
4742	1
4744	1
4745	1
4747	1
4749	1
4756	1
4759	1
4760	1
4762	1
4767	1
4768	1
4772	1
4775	2
4777	1
4780	2
4786	1
4791	1
4794	1
4796	1
4797	1
4800	1
4801	1
4803	2
4804	1
4807	1
4808	2
4812	1
4823	1
4824	1
4825	1
4828	1
4829	1
4831	1
4834	1
4841	1
4849	1
4850	2
4852	1
4854	2
4860	1
4863	1
4866	1
4867	1
4873	1
4876	1
4877	2
4891	1
4893	1
4894	1
4896	1
4901	1
4902	1
4903	1
4905	1
4907	2
4911	1
4913	1
4920	2
4921	1
4927	1
4931	1
4933	1
4955	2
4956	1
4958	1
4964	1
4965	1
4968	2
4970	1
4972	1
4973	1
4974	1
4976	2
4978	1
4979	1
4982	2
4983	2
4991	1
4993	2
4994	2
4995	1
4999	1
5004	1
5006	1
5007	1
5008	1
5010	1
5011	1
5012	1
5021	2
5023	1
5024	1
5027	1
5028	1
5030	1
5031	1
5033	1
5034	2
5037	1
5041	1
5043	1
5044	1
5045	1
5047	1
5049	1
5050	1
5051	2
5054	2
5057	1
5058	1
5059	3
5060	2
5062	2
5063	1
5065	2
5068	1
5069	2
5070	4
5074	1
5076	1
5080	1
5082	3
5083	1
5086	2
5088	1
5089	1
5090	3
5093	1
5095	2
5100	2
5103	2
5104	1
5105	1
5108	1
5109	1
5110	1
5114	2
5116	1
5117	3
5122	1
5132	1
5133	2
5134	1
5135	4
5137	1
5139	1
5149	1
5150	1
5151	1
5159	1
5167	1
5171	1
5172	2
5173	1
5175	1
5176	1
5178	1
5183	1
5188	1
5189	1
5193	1
5202	1
5206	1
5209	2
5212	1
5217	1
5221	1
5231	1
5233	2
5235	2
5236	1
5237	1
5247	1
5248	1
5255	1
5256	1
5262	1
5265	1
5266	1
5270	1
5271	2
5275	1
5280	1
5284	1
5285	1
5286	1
5287	1
5294	1
5300	1
5305	1
5310	1
5314	1
5315	1
5320	2
5322	1
5328	1
5332	1
5337	1
5341	1
5344	1
5347	1
5355	1
5363	1
5374	1
5380	2
5381	1
5382	1
5384	1
5389	1
5399	2
5408	1
5410	2
5415	1
5418	2
5419	1
5422	1
5430	1
5431	1
5433	1
5434	1
5437	1
5439	1
5440	1
5444	1
5451	2
5452	1
5460	1
5462	1
5466	2
5469	1
5470	1
5479	1
5481	1
5482	1
5488	1
5493	1
5496	1
5497	1
5501	2
5505	1
5509	1
5510	1
5511	1
5513	1
5524	1
5525	2
5526	1
5527	1
5530	2
5531	2
5534	2
5539	2
5541	1
5542	2
5543	1
5545	1
5547	2
5554	1
5560	2
5564	1
5565	2
5567	1
5568	2
5572	1
5574	1
5575	1
5576	1
5578	1
5581	1
5584	2
5587	1
5588	2
5589	1
5591	1
5592	1
5596	1
5597	2
5598	4
5599	1
5600	1
5601	2
5602	3
5603	1
5604	1
5609	2
5610	1
5611	1
5612	3
5614	2
5615	1
5616	1
5623	2
5624	1
5627	1
5631	1
5632	1
5635	1
5636	1
5640	1
5641	1
5643	1
5644	2
5645	2
5647	3
5648	1
5649	1
5650	1
5651	1
5652	2
5653	2
5654	1
5656	2
5657	1
5658	1
5659	2
5662	1
5663	1
5665	1
5666	1
5668	1
5669	2
5674	1
5677	1
5680	1
5686	1
5688	2
5693	1
5694	1
5696	1
5703	1
5707	1
5708	2
5711	1
5712	2
5714	1
5716	4
5719	1
5722	1
5723	2
5724	3
5725	10
5726	1
5727	2
5728	2
5733	1
5734	1
5737	1
5739	1
5744	1
5752	2
5764	1
5773	1
5774	1
5776	1
5784	1
5786	1
5789	1
5790	2
5793	2
5794	1
5798	2
5799	4
5800	2
5802	2
5804	1
5805	1
5809	1
5816	1
5818	1
5819	2
5829	1
5840	1
5844	1
5850	1
5852	1
5855	1
5861	1
5866	1
5868	1
5870	1
5885	1
5889	1
5894	2
5895	1
5900	1
5919	1
5925	1
5926	1
5931	1
5933	1
5951	1
5954	1
5956	1
5958	1
5980	1
5985	1
5996	1
6004	1
6009	1
6025	2
6030	1
6045	1
6049	1
6052	1
6060	1
6074	1
6077	1
6083	1
6087	2
6088	1
6104	2
6109	1
6113	1
6121	1
6123	1
6127	1
6138	1
6139	2
6140	1
6147	1
6148	1
6152	1
6154	1
6155	1
6165	2
6166	1
6169	1
6173	1
6179	1
6183	1
6184	1
6188	1
6200	1
6203	1
6212	1
6217	1
6224	1
6228	1
6229	1
6230	1
6232	1
6243	1
6251	1
6258	1
6264	1
6272	1
6286	1
6288	2
6300	1
6303	3
6307	1
6310	1
6313	2
6316	1
6318	2
6321	1
6333	1
6346	1
6353	1
6359	1
6362	2
6365	1
6374	2
6382	1
6384	1
6385	1
6389	2
6394	1
6396	1
6398	1
6402	2
6407	1
6409	1
6415	1
6416	1
6420	1
6425	1
6428	1
6431	1
6432	1
6435	1
6437	2
6440	1
6441	1
6447	1
6459	1
6462	1
6466	2
6472	1
6473	1
6485	1
6491	1
6494	1
6497	1
6511	1
6512	1
6517	1
6526	2
6535	1
6551	1
6561	1
6563	1
6564	1
6570	1
6578	2
6579	1
6584	1
6590	1
6594	1
6597	1
6599	1
6607	1
6612	1
6615	1
6623	2
6625	1
6627	1
6629	1
6630	1
6636	1
6644	1
6646	1
6647	1
6650	1
6651	1
6655	1
6657	1
6658	1
6661	1
6663	2
6664	1
6665	1
6666	1
6667	2
6669	1
6671	2
6677	1
6679	1
6680	1
6682	1
6683	3
6687	2
6689	1
6693	1
6695	2
6701	1
6702	1
6706	1
6707	1
6708	1
6709	1
6710	2
6712	1
6717	1
6720	2
6723	1
6725	1
6727	2
6728	1
6735	2
6736	1
6738	1
6741	1
6746	1
6748	1
6752	1
6753	2
6756	1
6766	1
6768	1
6769	1
6771	1
6772	2
6774	2
6778	2
6779	2
6780	2
6781	1
6782	1
6783	2
6784	1
6793	1
6796	2
6797	1
6800	4
6808	3
6810	2
6814	2
6815	1
6816	5
6818	1
6819	1
6824	4
6825	1
6826	2
6827	1
6828	1
6829	2
6830	1
6831	3
6832	2
6840	2
6844	1
6846	1
6848	1
6849	1
6851	1
6852	1
6853	2
6856	2
6861	3
6863	1
6864	1
6866	2
6867	1
6868	2
6869	2
6870	1
6871	3
6873	2
6874	1
6875	2
6876	1
6878	2
6879	1
6882	1
6885	1
6886	1
6887	1
6888	1
6889	2
6891	1
6892	1
6893	1
6897	3
6898	2
6904	1
6911	1
6916	2
6919	1
6922	3
6923	1
6924	1
6926	1
6928	1
6929	1
6931	1
6932	1
6934	1
6938	1
6939	1
6940	1
6943	1
6945	1
6948	2
6949	1
6951	1
6952	1
6953	1
6954	1
6955	2
6956	2
6957	2
6958	2
6960	2
6962	1
6963	1
6964	1
6967	2
6968	3
6969	1
6971	2
6972	2
6973	1
6975	1
6976	1
6981	2
7004	1
7005	2
7007	1
7009	1
7024	1
7029	1
7032	1
7044	2
7046	1
7049	2
7052	1
7054	1
7057	1
7058	1
7061	1
7063	1
7065	1
7074	1
7077	1
7082	1
7086	1
7091	1
7092	2
7094	1
7107	2
7110	1
7113	1
7114	2
7115	1
7118	1
7121	1
7124	1
7127	1
7129	2
7131	1
7133	1
7134	1
7136	1
7137	1
7143	1
7145	1
7147	1
7149	1
7158	1
7164	1
7166	1
7167	1
7172	1
7173	1
7174	1
7184	1
7185	1
7186	1
7187	1
7188	1
7189	1
7190	1
7191	1
7195	2
7199	1
7209	1
7216	1
7227	1
7235	1
7236	1
7249	1
7254	1
7269	1
7273	1
7274	1
7310	1
7311	1
7313	1
7320	1
7321	1
7325	1
7330	1
7331	1
7334	1
7351	1
7369	1
7370	1
7373	1
7401	1
7422	1
7428	1
7433	1
7453	1
7476	1
7488	1
7504	1
7512	1
7525	1
7532	1
7539	1
7565	1
7581	1
7592	1
7593	1
7594	1
7621	2
7646	1
7647	1
7658	1
7663	1
7674	1
7688	1
7704	1
7711	1
7712	1
7717	1
7718	1
7719	1
7721	3
7728	1
7733	1
7736	1
7740	1
7744	1
7745	1
7757	1
7760	1
7762	1
7765	1
7771	1
7776	1
7781	1
7785	1
7788	1
7791	1
7800	1
7806	2
7808	1
7810	2
7812	1
7814	1
7815	1
7816	4
7818	1
7820	1
7821	1
7823	2
7826	1
7827	1
7830	1
7831	1
7832	2
7833	1
7835	1
7840	2
7843	1
7844	1
7846	1
7847	1
7848	1
7851	1
7853	1
7858	1
7859	1
7861	1
7863	1
7865	1
7868	1
7869	1
7874	4
7875	1
7877	1
7878	1
7880	1
7882	2
7884	1
7887	2
7892	1
7899	1
7904	1
7905	2
7906	1
7907	1
7909	1
7913	2
7914	2
7917	4
7918	1
7920	1
7921	2
7922	1
7923	2
7926	1
7927	1
7929	2
7933	2
7935	2
7936	1
7937	2
7940	1
7942	1
7943	3
7944	3
7945	1
7946	3
7947	1
7948	3
7952	1
7953	3
7955	1
7957	2
7958	2
7960	2
7961	2
7962	2
7965	2
7966	1
7969	1
7970	1
7974	2
7979	1
7982	1
7986	1
7988	1
7989	1
7990	2
7993	1
7997	1
7998	1
7999	1
8000	2
8001	1
8002	2
8003	4
8004	2
8005	1
8007	1
8008	1
8009	1
