model: neutralSNP_vs_selectedSNP
n:  50 
folded: false
r_range: 0.02, 50
neu_m:  4572787 
neu_sfs: 23984, 13750, 7987, 8940, 4288, 3389, 3112, 3697, 2181, 1719, 2386, 1315, 1192, 1162, 1544, 978, 958, 1310, 799, 748, 831, 1047, 678, 685, 909, 588, 625, 581, 843, 563, 558, 517, 869, 513, 565, 708, 557, 507, 583, 821, 657, 636, 1050, 629, 688, 712, 1203, 739, 1109
neu_theta_range: 1e-5, 0.1
neu_e_range: 0, 0.5
sel_m:  19199454 
sel_sfs: 81781, 21979, 10846, 10843, 5263, 4062, 3640, 4413, 2545, 2071, 2443, 1253, 1167, 1004, 1462, 938, 804, 1092, 680, 640, 637, 920, 578, 562, 798, 491, 529, 499, 809, 480, 485, 420, 726, 472, 448, 623, 421, 437, 498, 841, 567, 683, 1011, 691, 622, 697, 1149, 792, 1036
