model: neutralSNP_vs_selectedSNP
n:  50 
folded: false
r_range: 0.02, 50
neu_m:  4572787 
neu_sfs: 24005, 13833, 8014, 9009, 4216, 3432, 3054, 3853, 2073, 1647, 2370, 1251, 1275, 1203, 1598, 1001, 893, 1359, 830, 773, 805, 1067, 649, 677, 921, 593, 640, 531, 835, 637, 512, 523, 813, 551, 541, 764, 515, 542, 539, 857, 566, 622, 962, 632, 670, 738, 1204, 743, 1072
neu_theta_range: 1e-5, 0.1
neu_e_range: 0, 0.5
sel_m:  19199454 
sel_sfs: 81491, 22110, 10741, 11009, 5237, 4197, 3617, 4429, 2497, 2096, 2445, 1222, 1126, 982, 1507, 907, 782, 1172, 670, 678, 613, 995, 537, 530, 782, 517, 518, 506, 814, 433, 513, 430, 669, 461, 476, 664, 442, 479, 426, 809, 625, 680, 906, 681, 657, 752, 1173, 808, 1037
