model: neutralSNP_vs_selectedSNP
n:  50 
folded: false
r_range: 0.02, 50
neu_m:  4572787 
neu_sfs: 23815, 14039, 7892, 8958, 4243, 3400, 3127, 3721, 2153, 1748, 2395, 1342, 1178, 1226, 1603, 1026, 879, 1320, 807, 807, 775, 1029, 663, 592, 902, 625, 580, 580, 827, 577, 507, 551, 870, 543, 558, 753, 501, 559, 531, 812, 636, 623, 1040, 618, 653, 713, 1179, 819, 1115
neu_theta_range: 1e-5, 0.1
neu_e_range: 0, 0.5
sel_m:  19199454 
sel_sfs: 81594, 22248, 10511, 10976, 5454, 4253, 3583, 4343, 2386, 2081, 2452, 1255, 1155, 1054, 1482, 825, 810, 1180, 658, 644, 582, 948, 585, 568, 750, 519, 498, 511, 788, 496, 471, 436, 679, 507, 511, 619, 381, 457, 504, 821, 579, 651, 977, 662, 681, 765, 1179, 766, 1013
