model: neutralSNP_vs_selectedSNP
n:  50 
folded: false
r_range: 0.02, 50
neu_m:  4572787 
neu_sfs: 23555, 13748, 7964, 9002, 4407, 3517, 3077, 3706, 2106, 1812, 2450, 1253, 1234, 1161, 1586, 1045, 906, 1314, 837, 768, 770, 1081, 675, 603, 984, 597, 566, 589, 878, 590, 540, 550, 853, 560, 566, 735, 499, 530, 559, 824, 621, 611, 1076, 633, 629, 707, 1175, 769, 1192
neu_theta_range: 1e-5, 0.1
neu_e_range: 0, 0.5
sel_m:  19199454 
sel_sfs: 81397, 22181, 10703, 10871, 5463, 4187, 3514, 4383, 2526, 1991, 2504, 1243, 1154, 998, 1497, 838, 823, 1191, 706, 724, 617, 948, 558, 592, 849, 542, 542, 488, 801, 510, 452, 416, 675, 493, 455, 650, 379, 474, 470, 811, 617, 672, 947, 715, 626, 714, 1161, 738, 1042
