model: neutralSNP_vs_selectedSNP
n:  50 
folded: false
r_range: 0.02, 50
neu_m:  4572787 
neu_sfs: 23774, 13940, 8001, 8893, 4295, 3401, 3082, 3721, 2027, 1705, 2452, 1357, 1165, 1217, 1560, 998, 924, 1326, 802, 762, 818, 1049, 684, 661, 962, 590, 631, 577, 795, 569, 478, 513, 869, 540, 565, 736, 568, 520, 562, 830, 633, 629, 1069, 638, 658, 719, 1172, 828, 1145
neu_theta_range: 1e-5, 0.1
neu_e_range: 0, 0.5
sel_m:  19199454 
sel_sfs: 81574, 22167, 10748, 10768, 5453, 4074, 3601, 4420, 2479, 2046, 2351, 1272, 1196, 989, 1485, 944, 818, 1160, 691, 611, 649, 942, 531, 577, 752, 491, 538, 482, 808, 518, 504, 459, 682, 460, 440, 641, 440, 501, 532, 818, 618, 709, 905, 663, 609, 704, 1195, 798, 1035
