model: neutralSNP_vs_selectedSNP
n:  50 
folded: false
r_range: 0.02, 50
neu_m:  4572787 
neu_sfs: 23871, 13748, 7879, 8966, 4254, 3360, 3086, 3710, 2087, 1697, 2513, 1310, 1221, 1188, 1598, 1000, 942, 1281, 806, 803, 756, 1085, 633, 663, 920, 598, 626, 551, 831, 561, 547, 527, 834, 609, 591, 782, 528, 536, 557, 901, 697, 593, 1048, 652, 643, 723, 1212, 787, 1099
neu_theta_range: 1e-5, 0.1
neu_e_range: 0, 0.5
sel_m:  19199454 
sel_sfs: 81208, 22193, 10947, 11164, 5268, 3974, 3485, 4365, 2497, 2039, 2493, 1250, 1160, 1034, 1479, 890, 826, 1145, 662, 638, 613, 941, 533, 652, 839, 507, 554, 490, 796, 535, 524, 445, 692, 458, 459, 634, 430, 499, 487, 846, 608, 635, 933, 746, 620, 737, 1126, 816, 976
