model: neutralSNP_vs_selectedSNP
n:  50 
folded: false
r_range: 0.02, 50
neu_m:  4572787 
neu_sfs: 23853, 13746, 8037, 8962, 4159, 3473, 3092, 3755, 2127, 1617, 2418, 1356, 1173, 1185, 1596, 1023, 926, 1354, 826, 772, 778, 1045, 666, 634, 885, 568, 622, 531, 878, 570, 514, 537, 852, 553, 559, 782, 505, 518, 538, 845, 618, 623, 1028, 648, 700, 762, 1171, 861, 1169
neu_theta_range: 1e-5, 0.1
neu_e_range: 0, 0.5
sel_m:  19199454 
sel_sfs: 81507, 22017, 11044, 11075, 5286, 4117, 3616, 4268, 2453, 2107, 2466, 1280, 1125, 1001, 1450, 882, 773, 1127, 631, 648, 605, 988, 587, 598, 851, 507, 526, 516, 754, 494, 462, 441, 661, 493, 416, 656, 411, 463, 512, 888, 592, 636, 967, 725, 573, 739, 1143, 794, 977
