model: neutralSNP_vs_selectedSNP
n:  50 
folded: false
r_range: 0.02, 50
neu_m:  4572787 
neu_sfs: 23900, 13910, 7878, 8881, 4209, 3365, 2990, 3793, 2118, 1735, 2295, 1291, 1208, 1254, 1612, 1035, 912, 1344, 826, 792, 799, 1043, 657, 649, 987, 620, 627, 624, 807, 610, 525, 565, 870, 548, 532, 740, 523, 578, 519, 843, 615, 622, 1010, 624, 678, 773, 1202, 813, 1059
neu_theta_range: 1e-5, 0.1
neu_e_range: 0, 0.5
sel_m:  19199454 
sel_sfs: 81488, 22499, 10917, 10877, 5314, 4014, 3575, 4357, 2548, 2048, 2481, 1204, 1118, 1014, 1470, 894, 805, 1147, 674, 655, 597, 907, 545, 613, 860, 526, 507, 462, 806, 483, 476, 412, 635, 486, 462, 629, 413, 477, 508, 828, 590, 650, 903, 696, 617, 682, 1162, 775, 1042
