model: neutralSNP_vs_selectedSNP
n:  50 
folded: false
r_range: 0.02, 50
neu_m:  4572787 
neu_sfs: 23989, 13899, 7906, 8932, 4163, 3405, 3088, 3742, 2132, 1736, 2392, 1315, 1267, 1182, 1528, 1004, 913, 1290, 819, 781, 805, 1035, 707, 627, 946, 585, 634, 552, 854, 617, 530, 520, 848, 523, 528, 726, 563, 538, 553, 873, 673, 629, 992, 630, 649, 697, 1201, 788, 1104
neu_theta_range: 1e-5, 0.1
neu_e_range: 0, 0.5
sel_m:  19199454 
sel_sfs: 81118, 22379, 10818, 11035, 5362, 4201, 3603, 4436, 2433, 2012, 2436, 1243, 1178, 1045, 1434, 908, 842, 1109, 672, 636, 646, 934, 530, 569, 889, 483, 519, 501, 776, 482, 480, 428, 686, 469, 489, 652, 446, 449, 502, 830, 579, 647, 959, 647, 609, 735, 1139, 836, 1037
