model: neutralSNP_vs_selectedSNP
n:  50 
folded: false
r_range: 0.02, 50
neu_m:  4572787 
neu_sfs: 23971, 13895, 7942, 8927, 4250, 3422, 3157, 3758, 2104, 1776, 2338, 1293, 1194, 1150, 1549, 1056, 943, 1289, 858, 838, 809, 1061, 710, 654, 915, 557, 595, 594, 812, 571, 553, 470, 788, 476, 578, 762, 492, 528, 623, 817, 645, 589, 982, 615, 641, 725, 1193, 847, 1098
neu_theta_range: 1e-5, 0.1
neu_e_range: 0, 0.5
sel_m:  19199454 
sel_sfs: 81785, 21989, 10791, 10913, 5231, 4062, 3546, 4460, 2517, 2069, 2439, 1225, 1142, 1031, 1407, 904, 804, 1190, 618, 658, 592, 973, 576, 591, 790, 515, 506, 494, 810, 515, 499, 437, 656, 476, 512, 677, 438, 471, 479, 803, 605, 681, 943, 671, 620, 738, 1158, 803, 1038
