model: neutralSNP_vs_selectedSNP
n:  50 
folded: false
r_range: 0.02, 50
neu_m:  4572787 
neu_sfs: 23634, 13889, 7988, 8960, 4217, 3458, 3035, 3716, 2112, 1709, 2410, 1358, 1154, 1228, 1585, 1040, 901, 1321, 796, 783, 821, 1025, 683, 586, 956, 621, 619, 609, 878, 581, 555, 535, 795, 551, 572, 798, 535, 529, 546, 856, 646, 630, 1063, 605, 657, 721, 1207, 783, 1153
neu_theta_range: 1e-5, 0.1
neu_e_range: 0, 0.5
sel_m:  19199454 
sel_sfs: 81713, 22034, 10636, 11066, 5309, 4089, 3501, 4377, 2535, 2009, 2406, 1230, 1127, 1039, 1475, 894, 818, 1170, 646, 670, 681, 902, 519, 546, 782, 482, 516, 488, 741, 512, 478, 475, 658, 492, 495, 657, 413, 494, 530, 806, 593, 697, 1007, 695, 651, 790, 1155, 816, 1033
