model: neutralSNP_vs_selectedSNP
n:  50 
folded: false
r_range: 0.02, 50
neu_m:  4572787 
neu_sfs: 23830, 13882, 8107, 9031, 4191, 3395, 3045, 3799, 2058, 1726, 2383, 1280, 1228, 1237, 1576, 1009, 949, 1301, 772, 749, 777, 1044, 691, 610, 906, 600, 640, 538, 811, 590, 527, 556, 837, 543, 590, 758, 524, 558, 521, 856, 613, 634, 1066, 663, 654, 709, 1220, 712, 1114
neu_theta_range: 1e-5, 0.1
neu_e_range: 0, 0.5
sel_m:  19199454 
sel_sfs: 81262, 22431, 10661, 10974, 5217, 4151, 3615, 4277, 2566, 2166, 2478, 1279, 1146, 999, 1488, 896, 833, 1160, 624, 695, 633, 926, 528, 579, 775, 523, 515, 488, 762, 523, 521, 418, 643, 443, 435, 628, 447, 450, 474, 847, 587, 672, 942, 711, 652, 725, 1239, 788, 1056
