model: neutralSNP_vs_selectedSNP
n:  50 
folded: false
r_range: 0.02, 50
neu_m:  4572787 
neu_sfs: 23791, 13941, 8020, 8855, 4135, 3567, 3117, 3674, 2134, 1698, 2368, 1240, 1219, 1242, 1572, 990, 883, 1333, 820, 759, 806, 1082, 644, 679, 935, 604, 544, 624, 865, 581, 523, 556, 865, 551, 570, 791, 527, 522, 555, 796, 604, 636, 1044, 568, 719, 751, 1185, 753, 1172
neu_theta_range: 1e-5, 0.1
neu_e_range: 0, 0.5
sel_m:  19199454 
sel_sfs: 80972, 22311, 10759, 11119, 5327, 4186, 3542, 4422, 2513, 2032, 2519, 1233, 1184, 1068, 1483, 894, 790, 1151, 684, 668, 604, 975, 515, 575, 731, 491, 511, 505, 809, 521, 453, 433, 735, 501, 481, 656, 424, 486, 510, 829, 626, 717, 948, 669, 616, 676, 1167, 824, 1003
