model: neutralSNP_vs_selectedSNP
n:  50 
folded: false
r_range: 0.02, 50
neu_m:  5043172 
neu_sfs: 12100, 2520, 2124, 1073, 918, 1253, 759, 747, 1164, 643, 598, 710, 420, 571, 316, 308, 487, 337, 296, 379, 238, 263, 389, 253, 325, 219, 240, 348, 200, 224, 386, 203, 247, 343, 243, 253, 372, 333, 518, 339, 394, 606, 356, 402, 475, 320, 328, 430, 368
neu_theta_range: 1e-5, 0.1
neu_e_range: 0, 0.5
sel_m:  21178622 
sel_sfs: 48214, 6853, 4335, 2002, 1823, 2362, 1466, 1383, 2016, 939, 814, 958, 550, 710, 375, 305, 496, 309, 348, 477, 308, 262, 418, 238, 419, 205, 222, 319, 231, 290, 350, 241, 219, 390, 215, 233, 396, 305, 490, 386, 407, 664, 441, 375, 582, 333, 334, 494, 378
