model: neutralSNP_vs_selectedSNP
n:  50 
folded: false
r_range: 0.02, 50
neu_m:  5043172 
neu_sfs: 12231, 2450, 1954, 974, 857, 1291, 797, 732, 1165, 653, 573, 730, 435, 559, 280, 320, 466, 252, 308, 395, 256, 273, 395, 221, 384, 220, 260, 332, 216, 206, 374, 222, 222, 370, 230, 302, 410, 344, 521, 355, 421, 610, 387, 422, 519, 359, 300, 398, 387
neu_theta_range: 1e-5, 0.1
neu_e_range: 0, 0.5
sel_m:  21178622 
sel_sfs: 48440, 6804, 4324, 1876, 1796, 2265, 1504, 1449, 1959, 867, 821, 966, 550, 675, 356, 354, 559, 313, 373, 431, 280, 282, 421, 249, 387, 218, 242, 341, 230, 244, 364, 256, 235, 354, 257, 242, 363, 278, 502, 371, 393, 656, 441, 391, 537, 346, 347, 554, 417
