model: neutralSNP_vs_selectedSNP
n:  50 
folded: false
r_range: 0.02, 50
neu_m:  5043172 
neu_sfs: 12101, 2471, 2086, 972, 921, 1211, 862, 817, 1208, 605, 594, 701, 393, 587, 298, 299, 468, 266, 269, 393, 249, 256, 365, 295, 372, 208, 262, 330, 205, 231, 378, 215, 254, 346, 260, 275, 398, 321, 523, 356, 347, 604, 378, 411, 542, 316, 311, 421, 387
neu_theta_range: 1e-5, 0.1
neu_e_range: 0, 0.5
sel_m:  21178622 
sel_sfs: 48294, 6882, 4292, 2081, 1751, 2231, 1549, 1416, 1923, 935, 809, 941, 572, 776, 394, 344, 499, 311, 364, 444, 278, 277, 412, 254, 407, 235, 240, 347, 251, 259, 343, 268, 215, 377, 208, 241, 400, 257, 465, 380, 355, 636, 439, 387, 578, 344, 359, 467, 393
