model: neutralSNP_vs_selectedSNP
n:  50 
folded: false
r_range: 0.02, 50
neu_m:  5043172 
neu_sfs: 12246, 2466, 2110, 954, 911, 1199, 846, 774, 1153, 611, 564, 683, 434, 562, 276, 301, 457, 296, 275, 380, 273, 272, 385, 240, 345, 207, 241, 352, 197, 262, 361, 202, 253, 344, 260, 258, 393, 287, 542, 346, 422, 656, 381, 385, 493, 325, 313, 458, 387
neu_theta_range: 1e-5, 0.1
neu_e_range: 0, 0.5
sel_m:  21178622 
sel_sfs: 48451, 6536, 4285, 1973, 1771, 2307, 1485, 1482, 1997, 927, 813, 935, 542, 716, 402, 367, 536, 337, 329, 480, 278, 250, 461, 248, 368, 249, 214, 328, 245, 239, 360, 250, 239, 418, 225, 238, 345, 289, 524, 370, 407, 708, 438, 417, 522, 343, 337, 484, 415
