model: neutralSNP_vs_selectedSNP
n:  50 
folded: false
r_range: 0.02, 50
neu_m:  5043172 
neu_sfs: 12264, 2433, 2031, 1021, 895, 1207, 830, 763, 1123, 674, 605, 728, 432, 550, 304, 326, 479, 276, 289, 395, 270, 246, 398, 276, 391, 244, 247, 276, 228, 233, 337, 198, 253, 388, 237, 237, 363, 339, 503, 367, 371, 622, 400, 402, 530, 298, 283, 404, 372
neu_theta_range: 1e-5, 0.1
neu_e_range: 0, 0.5
sel_m:  21178622 
sel_sfs: 48350, 6743, 4248, 2023, 1762, 2231, 1464, 1510, 1902, 873, 878, 940, 531, 729, 407, 378, 529, 294, 352, 418, 301, 268, 412, 272, 415, 196, 239, 364, 226, 270, 405, 255, 216, 411, 221, 235, 387, 288, 511, 397, 378, 689, 410, 411, 556, 377, 322, 495, 391
