model: neutralSNP_vs_selectedSNP
n:  50 
folded: false
r_range: 0.02, 50
neu_m:  5043172 
neu_sfs: 12060, 2476, 2062, 1019, 934, 1251, 836, 841, 1151, 690, 557, 689, 459, 546, 282, 299, 466, 291, 267, 392, 257, 223, 404, 263, 365, 231, 236, 314, 206, 232, 389, 232, 273, 348, 242, 273, 389, 286, 518, 339, 380, 633, 349, 387, 496, 313, 319, 439, 434
neu_theta_range: 1e-5, 0.1
neu_e_range: 0, 0.5
sel_m:  21178622 
sel_sfs: 48105, 6789, 4332, 1974, 1712, 2293, 1483, 1463, 1983, 958, 827, 907, 559, 719, 367, 343, 538, 294, 341, 441, 333, 282, 428, 254, 435, 199, 266, 350, 228, 280, 360, 268, 235, 398, 229, 242, 356, 272, 509, 419, 399, 706, 446, 383, 572, 336, 313, 556, 398
