model: neutralSNP_vs_selectedSNP
n:  50 
folded: false
r_range: 0.02, 50
neu_m:  5043172 
neu_sfs: 12089, 2477, 2018, 973, 866, 1224, 811, 797, 1180, 668, 594, 695, 406, 562, 306, 359, 517, 304, 286, 370, 216, 246, 406, 265, 323, 224, 250, 321, 216, 224, 399, 231, 227, 331, 224, 304, 393, 344, 542, 335, 412, 673, 341, 383, 557, 319, 328, 416, 386
neu_theta_range: 1e-5, 0.1
neu_e_range: 0, 0.5
sel_m:  21178622 
sel_sfs: 48649, 6707, 4307, 1957, 1758, 2176, 1546, 1407, 1925, 919, 820, 916, 566, 675, 411, 354, 518, 304, 354, 458, 284, 284, 429, 256, 393, 230, 236, 350, 234, 262, 375, 266, 215, 374, 212, 231, 361, 278, 486, 383, 372, 697, 423, 397, 558, 350, 340, 453, 424
