model: neutralSNP_vs_selectedSNP
n:  50 
folded: false
r_range: 0.02, 50
neu_m:  5043172 
neu_sfs: 12162, 2569, 2038, 950, 944, 1192, 822, 817, 1189, 639, 611, 653, 489, 549, 302, 289, 474, 291, 298, 381, 260, 243, 358, 226, 317, 215, 238, 333, 191, 243, 374, 214, 257, 359, 243, 263, 374, 362, 498, 356, 414, 607, 351, 413, 539, 345, 300, 435, 351
neu_theta_range: 1e-5, 0.1
neu_e_range: 0, 0.5
sel_m:  21178622 
sel_sfs: 48349, 6822, 4327, 1887, 1781, 2331, 1532, 1370, 1927, 917, 820, 952, 535, 746, 442, 352, 521, 302, 357, 498, 306, 238, 386, 233, 393, 219, 251, 305, 239, 248, 379, 276, 237, 376, 234, 230, 409, 289, 487, 370, 389, 630, 442, 405, 558, 329, 335, 524, 395
