model: neutralSNP_vs_selectedSNP
n:  50 
folded: false
r_range: 0.02, 50
neu_m:  5043172 
neu_sfs: 12205, 2392, 2082, 1047, 870, 1208, 822, 812, 1148, 692, 558, 684, 419, 598, 297, 327, 520, 287, 313, 363, 271, 258, 403, 260, 337, 218, 236, 303, 212, 226, 360, 232, 239, 339, 228, 265, 407, 327, 541, 359, 376, 618, 398, 381, 445, 329, 329, 409, 388
neu_theta_range: 1e-5, 0.1
neu_e_range: 0, 0.5
sel_m:  21178622 
sel_sfs: 48319, 6885, 4368, 1971, 1772, 2265, 1479, 1441, 1958, 893, 796, 934, 552, 697, 389, 371, 520, 309, 381, 470, 279, 275, 341, 246, 402, 229, 256, 307, 208, 264, 360, 238, 240, 387, 218, 254, 386, 293, 510, 388, 447, 689, 416, 395, 553, 329, 330, 484, 386
