model: neutralSNP_vs_selectedSNP
n:  50 
folded: false
r_range: 0.02, 50
neu_m:  5043172 
neu_sfs: 12119, 2499, 2113, 1000, 910, 1236, 861, 763, 1153, 613, 565, 721, 453, 550, 276, 302, 524, 301, 301, 382, 283, 251, 372, 199, 347, 208, 231, 305, 208, 246, 352, 227, 237, 336, 249, 287, 398, 336, 523, 365, 372, 605, 373, 413, 541, 310, 311, 399, 412
neu_theta_range: 1e-5, 0.1
neu_e_range: 0, 0.5
sel_m:  21178622 
sel_sfs: 48432, 6823, 4260, 2023, 1769, 2218, 1439, 1423, 1964, 898, 812, 908, 573, 690, 392, 347, 540, 300, 340, 468, 284, 284, 401, 247, 383, 203, 228, 362, 227, 242, 358, 247, 211, 382, 241, 226, 393, 291, 534, 392, 395, 640, 455, 396, 563, 340, 386, 514, 436
