model: neutralSNP_vs_selectedSNP
n:  50 
folded: false
r_range: 0.02, 50
neu_m:  5043172 
neu_sfs: 12075, 2506, 2042, 1003, 953, 1276, 845, 796, 1129, 684, 618, 750, 425, 529, 277, 326, 537, 262, 301, 413, 244, 223, 371, 258, 338, 215, 244, 321, 217, 237, 389, 203, 251, 330, 216, 252, 371, 308, 542, 364, 370, 620, 369, 398, 488, 307, 290, 452, 403
neu_theta_range: 1e-5, 0.1
neu_e_range: 0, 0.5
sel_m:  21178622 
sel_sfs: 48408, 6809, 4330, 1939, 1818, 2286, 1458, 1289, 2001, 918, 890, 883, 535, 744, 375, 340, 518, 316, 374, 435, 272, 261, 439, 253, 434, 204, 247, 311, 233, 284, 376, 258, 201, 374, 210, 226, 414, 288, 503, 368, 394, 646, 477, 385, 572, 352, 317, 502, 413
