model: neutralSNP_vs_selectedSNP
n:  50 
folded: false
r_range: 0.02, 50
neu_m:  5043172 
neu_sfs: 12249, 2443, 1977, 1005, 911, 1265, 840, 776, 1194, 628, 603, 695, 447, 554, 290, 310, 450, 277, 283, 393, 214, 246, 403, 259, 346, 204, 258, 344, 184, 252, 361, 211, 224, 331, 272, 285, 421, 344, 524, 321, 397, 611, 369, 414, 504, 353, 301, 415, 380
neu_theta_range: 1e-5, 0.1
neu_e_range: 0, 0.5
sel_m:  21178622 
sel_sfs: 48168, 6913, 4351, 2021, 1731, 2323, 1419, 1420, 2027, 926, 756, 978, 579, 668, 412, 389, 533, 320, 360, 475, 277, 279, 391, 255, 409, 227, 268, 318, 251, 241, 342, 255, 191, 383, 221, 237, 363, 258, 547, 401, 411, 666, 456, 365, 565, 343, 297, 489, 405
