model: neutralSNP_vs_selectedSNP
n:  50 
folded: false
r_range: 0.02, 50
neu_m:  5043172 
neu_sfs: 12126, 2476, 2076, 1047, 890, 1271, 813, 793, 1189, 633, 531, 714, 444, 577, 287, 290, 499, 282, 276, 416, 270, 253, 400, 229, 362, 212, 244, 332, 203, 261, 385, 216, 228, 359, 236, 258, 389, 313, 459, 339, 403, 599, 383, 409, 511, 324, 315, 420, 396
neu_theta_range: 1e-5, 0.1
neu_e_range: 0, 0.5
sel_m:  21178622 
sel_sfs: 48597, 6743, 4301, 1978, 1736, 2277, 1481, 1399, 1976, 886, 830, 865, 577, 690, 374, 360, 504, 331, 352, 474, 302, 226, 397, 263, 433, 239, 214, 362, 248, 274, 385, 269, 213, 367, 231, 247, 351, 279, 541, 371, 401, 668, 444, 377, 545, 321, 321, 466, 394
