model: neutralSNP_vs_selectedSNP
n:  50 
folded: false
r_range: 0.02, 50
neu_m:  4067509 
neu_sfs: 2402, 810, 3023, 1907, 1761, 2253, 1352, 1439, 2016, 1283, 1108, 1599, 980, 1413, 891, 853, 1204, 736, 802, 1092, 643, 654, 914, 643, 907, 611, 611, 833, 677, 600, 937, 539, 587, 866, 536, 506, 718, 535, 732, 542, 481, 721, 405, 405, 547, 401, 324, 550, 310
neu_theta_range: 1e-5, 0.1
neu_e_range: 0, 0.5
sel_m:  17164288 
sel_sfs: 9713, 1851, 4781, 2761, 2596, 3264, 1969, 1720, 2618, 1566, 1366, 1873, 1108, 1582, 948, 868, 1380, 770, 774, 1211, 740, 767, 981, 621, 998, 675, 616, 911, 643, 570, 920, 613, 544, 835, 546, 551, 757, 507, 727, 459, 532, 667, 443, 470, 659, 410, 372, 587, 283
