model: neutralSNP_vs_selectedSNP
n:  50 
folded: false
r_range: 0.02, 50
neu_m:  4067509 
neu_sfs: 2510, 734, 2973, 1908, 1773, 2422, 1368, 1298, 2038, 1202, 1177, 1526, 972, 1432, 872, 832, 1253, 729, 807, 1057, 720, 619, 857, 646, 870, 648, 602, 912, 642, 565, 868, 545, 526, 842, 532, 473, 758, 587, 740, 538, 463, 752, 437, 424, 634, 389, 308, 549, 330
neu_theta_range: 1e-5, 0.1
neu_e_range: 0, 0.5
sel_m:  17164288 
sel_sfs: 9569, 1898, 4856, 2767, 2647, 3282, 1862, 1873, 2643, 1548, 1330, 1906, 1080, 1480, 980, 856, 1286, 800, 791, 1205, 698, 698, 973, 654, 1012, 646, 643, 956, 653, 623, 888, 600, 572, 830, 522, 520, 711, 549, 753, 497, 490, 747, 491, 456, 658, 389, 371, 581, 283
