model: neutralSNP_vs_selectedSNP
n:  50 
folded: false
r_range: 0.02, 50
neu_m:  4067509 
neu_sfs: 2428, 815, 2942, 1884, 1745, 2300, 1406, 1317, 1965, 1137, 1110, 1654, 964, 1404, 910, 876, 1277, 696, 828, 1052, 695, 677, 907, 632, 1004, 731, 587, 876, 677, 553, 883, 574, 568, 835, 499, 492, 785, 534, 714, 498, 499, 745, 410, 384, 599, 361, 310, 600, 320
neu_theta_range: 1e-5, 0.1
neu_e_range: 0, 0.5
sel_m:  17164288 
sel_sfs: 9671, 1870, 4665, 2868, 2579, 3285, 1907, 1815, 2600, 1583, 1392, 1856, 1115, 1500, 959, 852, 1365, 794, 837, 1218, 756, 766, 980, 663, 1029, 653, 660, 938, 644, 556, 899, 616, 554, 805, 502, 555, 713, 501, 718, 465, 482, 697, 480, 494, 640, 368, 398, 603, 257
