model: neutralSNP_vs_selectedSNP
n:  50 
folded: false
r_range: 0.02, 50
neu_m:  4067509 
neu_sfs: 2500, 784, 3084, 1921, 1826, 2288, 1426, 1320, 1943, 1196, 1077, 1559, 943, 1375, 946, 831, 1214, 719, 814, 1082, 742, 663, 859, 643, 901, 649, 595, 916, 698, 556, 890, 608, 531, 865, 487, 480, 756, 548, 675, 519, 453, 732, 424, 422, 600, 412, 335, 542, 310
neu_theta_range: 1e-5, 0.1
neu_e_range: 0, 0.5
sel_m:  17164288 
sel_sfs: 9670, 1849, 4803, 2874, 2622, 3282, 1831, 1788, 2699, 1554, 1308, 1928, 1030, 1555, 960, 855, 1410, 749, 701, 1095, 770, 706, 979, 690, 1079, 640, 698, 927, 693, 557, 871, 583, 567, 796, 555, 558, 751, 523, 721, 502, 524, 694, 434, 451, 644, 402, 359, 601, 285
