model: neutralSNP_vs_selectedSNP
n:  50 
folded: false
r_range: 0.02, 50
neu_m:  4067509 
neu_sfs: 2471, 779, 2964, 1939, 1814, 2284, 1456, 1376, 1997, 1191, 1178, 1572, 928, 1378, 892, 840, 1208, 728, 770, 1110, 712, 613, 893, 647, 958, 630, 549, 876, 656, 597, 852, 545, 566, 856, 548, 476, 775, 510, 742, 469, 504, 763, 437, 410, 567, 425, 304, 547, 357
neu_theta_range: 1e-5, 0.1
neu_e_range: 0, 0.5
sel_m:  17164288 
sel_sfs: 9903, 1824, 4565, 2748, 2579, 3252, 2021, 1808, 2661, 1614, 1319, 1909, 1083, 1533, 998, 903, 1303, 798, 815, 1168, 738, 677, 1013, 653, 982, 676, 657, 923, 677, 555, 895, 605, 547, 852, 567, 529, 676, 537, 709, 509, 515, 721, 433, 435, 640, 373, 368, 561, 296
