model: neutralSNP_vs_selectedSNP
n:  50 
folded: false
r_range: 0.02, 50
neu_m:  4067509 
neu_sfs: 2499, 808, 3013, 1857, 1761, 2216, 1405, 1324, 1990, 1201, 1154, 1533, 965, 1377, 881, 847, 1318, 724, 803, 1125, 703, 664, 867, 692, 954, 723, 596, 863, 658, 582, 897, 582, 584, 824, 494, 514, 736, 509, 718, 489, 473, 675, 404, 405, 606, 411, 337, 546, 352
neu_theta_range: 1e-5, 0.1
neu_e_range: 0, 0.5
sel_m:  17164288 
sel_sfs: 9748, 1859, 4704, 2723, 2609, 3255, 1958, 1784, 2618, 1606, 1301, 1853, 1087, 1609, 982, 952, 1332, 813, 753, 1171, 748, 742, 1019, 703, 937, 658, 660, 938, 646, 515, 872, 674, 553, 841, 544, 522, 813, 493, 752, 495, 514, 703, 440, 454, 607, 366, 381, 553, 263
