model: neutralSNP_vs_selectedSNP
n:  50 
folded: false
r_range: 0.02, 50
neu_m:  4067509 
neu_sfs: 2380, 817, 3055, 1932, 1786, 2353, 1484, 1356, 1966, 1236, 1139, 1566, 932, 1331, 866, 844, 1248, 663, 733, 1085, 699, 694, 863, 645, 895, 675, 625, 854, 661, 556, 894, 572, 592, 884, 495, 465, 728, 507, 711, 508, 478, 761, 442, 411, 612, 421, 330, 597, 312
neu_theta_range: 1e-5, 0.1
neu_e_range: 0, 0.5
sel_m:  17164288 
sel_sfs: 9684, 1919, 4764, 2725, 2637, 3279, 1881, 1753, 2728, 1547, 1386, 1839, 1091, 1571, 954, 854, 1335, 795, 745, 1172, 718, 729, 1029, 678, 989, 632, 593, 908, 678, 585, 896, 635, 564, 781, 508, 593, 754, 497, 708, 494, 502, 725, 484, 458, 634, 405, 376, 588, 323
