model: neutralSNP_vs_selectedSNP
n:  50 
folded: false
r_range: 0.02, 50
neu_m:  4067509 
neu_sfs: 2514, 771, 2974, 1881, 1855, 2186, 1482, 1361, 1948, 1233, 1066, 1498, 942, 1388, 886, 852, 1251, 757, 783, 1087, 691, 648, 906, 643, 938, 685, 599, 846, 661, 592, 880, 593, 532, 865, 474, 551, 783, 535, 711, 523, 464, 741, 408, 404, 605, 403, 326, 590, 347
neu_theta_range: 1e-5, 0.1
neu_e_range: 0, 0.5
sel_m:  17164288 
sel_sfs: 9737, 1916, 4686, 2850, 2639, 3204, 1976, 1756, 2640, 1544, 1301, 1946, 1081, 1675, 957, 850, 1330, 785, 753, 1145, 700, 749, 1010, 598, 1007, 609, 638, 875, 620, 562, 813, 666, 534, 870, 586, 553, 744, 483, 680, 484, 533, 711, 504, 472, 698, 393, 381, 573, 306
