model: neutralSNP_vs_selectedSNP
n:  50 
folded: false
r_range: 0.02, 50
neu_m:  4067509 
neu_sfs: 2465, 817, 3049, 1892, 1748, 2329, 1351, 1354, 2006, 1225, 1044, 1649, 985, 1303, 858, 806, 1240, 748, 859, 1106, 673, 639, 923, 667, 936, 650, 540, 870, 692, 534, 888, 611, 535, 847, 516, 482, 779, 485, 738, 521, 521, 697, 408, 455, 609, 433, 344, 534, 298
neu_theta_range: 1e-5, 0.1
neu_e_range: 0, 0.5
sel_m:  17164288 
sel_sfs: 9568, 1926, 4728, 2826, 2588, 3235, 1945, 1761, 2730, 1568, 1316, 1833, 1122, 1543, 973, 949, 1369, 758, 873, 1171, 763, 764, 991, 664, 1003, 584, 607, 898, 617, 553, 852, 671, 536, 850, 501, 555, 725, 483, 707, 517, 500, 750, 472, 458, 671, 381, 394, 588, 286
