model: neutralSNP_vs_selectedSNP
n:  50 
folded: false
r_range: 0.02, 50
neu_m:  4067509 
neu_sfs: 2497, 818, 2962, 1894, 1820, 2295, 1462, 1365, 1904, 1215, 1128, 1575, 939, 1395, 880, 789, 1214, 681, 845, 1061, 696, 710, 910, 624, 978, 651, 597, 891, 690, 554, 908, 560, 567, 887, 541, 482, 743, 593, 696, 487, 481, 745, 400, 421, 599, 402, 311, 500, 296
neu_theta_range: 1e-5, 0.1
neu_e_range: 0, 0.5
sel_m:  17164288 
sel_sfs: 9592, 1846, 4860, 2849, 2550, 3331, 1982, 1746, 2682, 1525, 1288, 1887, 1108, 1561, 958, 895, 1371, 781, 735, 1156, 748, 757, 1068, 666, 1046, 618, 647, 902, 640, 562, 862, 623, 523, 854, 532, 590, 705, 494, 679, 474, 536, 696, 467, 449, 648, 380, 374, 591, 289
