model: neutralSNP_vs_selectedSNP
n:  50 
folded: false
r_range: 0.02, 50
neu_m:  4067509 
neu_sfs: 2418, 802, 3085, 1945, 1772, 2173, 1331, 1336, 1958, 1282, 1122, 1616, 966, 1397, 877, 843, 1259, 712, 787, 1048, 733, 672, 940, 638, 946, 672, 546, 912, 619, 612, 920, 594, 574, 851, 499, 461, 827, 548, 712, 480, 480, 711, 379, 421, 625, 405, 303, 524, 326
neu_theta_range: 1e-5, 0.1
neu_e_range: 0, 0.5
sel_m:  17164288 
sel_sfs: 9577, 1864, 4844, 2859, 2590, 3297, 1888, 1740, 2710, 1565, 1325, 1831, 1081, 1511, 971, 938, 1374, 843, 763, 1159, 756, 750, 1040, 666, 923, 645, 677, 889, 613, 544, 948, 602, 536, 840, 569, 562, 753, 499, 739, 453, 511, 701, 474, 429, 655, 397, 335, 581, 306
