model: neutralSNP_vs_selectedSNP
n:  50 
folded: false
r_range: 0.02, 50
neu_m:  4572787 
neu_sfs: 10492, 7194, 7578, 9072, 4261, 3446, 3020, 3706, 2109, 1670, 2420, 1303, 1264, 1203, 1542, 983, 933, 1314, 825, 729, 787, 1072, 709, 635, 884, 582, 610, 576, 819, 558, 544, 548, 859, 520, 527, 789, 570, 554, 522, 781, 657, 580, 1066, 663, 642, 697, 1219, 798, 963
neu_theta_range: 1e-5, 0.1
neu_e_range: 0, 0.5
sel_m:  19199454 
sel_sfs: 35457, 11637, 10129, 10838, 5425, 4010, 3475, 4405, 2504, 2025, 2563, 1337, 1187, 1004, 1493, 879, 835, 1122, 647, 680, 648, 931, 570, 556, 773, 463, 540, 506, 799, 485, 488, 470, 643, 537, 483, 634, 392, 462, 563, 843, 653, 678, 955, 703, 600, 702, 1130, 758, 929
