model: neutralSNP_vs_selectedSNP
n:  50 
folded: false
r_range: 0.02, 50
neu_m:  4572787 
neu_sfs: 10379, 7117, 7449, 8865, 4246, 3414, 3043, 3760, 2207, 1684, 2386, 1297, 1204, 1192, 1559, 1061, 917, 1324, 786, 779, 785, 1039, 675, 619, 902, 605, 660, 497, 819, 565, 538, 579, 874, 572, 540, 799, 536, 579, 508, 833, 690, 617, 1058, 722, 672, 771, 1276, 784, 1012
neu_theta_range: 1e-5, 0.1
neu_e_range: 0, 0.5
sel_m:  19199454 
sel_sfs: 35458, 11695, 9983, 10828, 5435, 4127, 3628, 4378, 2404, 2113, 2460, 1288, 1168, 1056, 1438, 899, 820, 1136, 617, 702, 588, 973, 576, 566, 784, 531, 471, 467, 788, 511, 512, 468, 689, 451, 439, 655, 434, 462, 532, 804, 604, 684, 986, 667, 669, 707, 1229, 793, 873
