model: neutralSNP_vs_selectedSNP
n:  50 
folded: false
r_range: 0.02, 50
neu_m:  4572787 
neu_sfs: 10482, 7290, 7470, 8948, 4312, 3407, 3114, 3787, 2163, 1745, 2414, 1344, 1204, 1188, 1516, 1044, 885, 1275, 789, 792, 760, 1053, 649, 630, 962, 568, 585, 555, 899, 583, 453, 492, 845, 531, 584, 728, 526, 554, 541, 791, 636, 610, 1057, 651, 628, 695, 1241, 787, 1032
neu_theta_range: 1e-5, 0.1
neu_e_range: 0, 0.5
sel_m:  19199454 
sel_sfs: 35298, 11641, 10137, 10940, 5288, 4095, 3592, 4479, 2590, 2059, 2453, 1335, 1166, 1037, 1476, 858, 859, 1159, 639, 677, 609, 917, 567, 581, 742, 485, 540, 523, 818, 449, 469, 443, 685, 488, 502, 658, 415, 473, 489, 797, 667, 666, 897, 659, 575, 695, 1195, 808, 956
