model: neutralSNP_vs_selectedSNP
n:  50 
folded: false
r_range: 0.02, 50
neu_m:  4572787 
neu_sfs: 10343, 7263, 7474, 8955, 4239, 3427, 3086, 3760, 2112, 1705, 2388, 1293, 1218, 1166, 1577, 1015, 964, 1317, 764, 791, 795, 1075, 666, 671, 927, 584, 608, 607, 902, 581, 547, 536, 873, 547, 579, 806, 492, 561, 547, 825, 623, 599, 971, 591, 663, 703, 1228, 824, 1007
neu_theta_range: 1e-5, 0.1
neu_e_range: 0, 0.5
sel_m:  19199454 
sel_sfs: 35163, 11646, 10168, 11045, 5376, 4090, 3642, 4417, 2564, 2088, 2445, 1305, 1165, 967, 1457, 893, 867, 1203, 653, 659, 602, 912, 571, 595, 751, 529, 491, 486, 845, 467, 478, 453, 722, 490, 473, 637, 437, 472, 468, 783, 636, 642, 940, 629, 619, 726, 1157, 826, 896
