model: neutralSNP_vs_selectedSNP
n:  50 
folded: false
r_range: 0.02, 50
neu_m:  4572787 
neu_sfs: 10425, 7239, 7406, 8869, 4193, 3486, 3101, 3683, 2124, 1650, 2392, 1335, 1219, 1141, 1596, 1047, 974, 1356, 792, 808, 794, 1060, 667, 635, 944, 621, 566, 560, 875, 587, 550, 563, 916, 535, 521, 821, 512, 582, 507, 790, 646, 614, 1066, 668, 626, 700, 1222, 789, 1022
neu_theta_range: 1e-5, 0.1
neu_e_range: 0, 0.5
sel_m:  19199454 
sel_sfs: 35522, 11731, 9974, 11050, 5355, 4032, 3694, 4382, 2403, 2067, 2558, 1261, 1149, 1040, 1456, 904, 812, 1091, 619, 661, 567, 927, 550, 585, 802, 494, 548, 482, 766, 499, 478, 472, 688, 468, 493, 625, 397, 466, 485, 823, 674, 668, 967, 673, 651, 665, 1176, 757, 939
