model: neutralSNP_vs_selectedSNP
n:  50 
folded: false
r_range: 0.02, 50
neu_m:  4572787 
neu_sfs: 10517, 7202, 7467, 9029, 4208, 3390, 3043, 3735, 2110, 1790, 2415, 1364, 1176, 1172, 1585, 1079, 886, 1277, 807, 782, 775, 1075, 628, 646, 959, 565, 649, 528, 897, 592, 548, 520, 869, 551, 530, 761, 534, 554, 495, 819, 634, 594, 1057, 638, 640, 702, 1194, 812, 995
neu_theta_range: 1e-5, 0.1
neu_e_range: 0, 0.5
sel_m:  19199454 
sel_sfs: 35279, 11773, 10003, 10957, 5365, 4094, 3577, 4343, 2420, 2072, 2584, 1299, 1186, 1074, 1470, 898, 833, 1123, 619, 661, 649, 992, 557, 559, 732, 501, 553, 516, 790, 473, 488, 478, 701, 500, 443, 643, 390, 477, 503, 812, 634, 647, 946, 717, 653, 684, 1180, 818, 880
