model: neutralSNP_vs_selectedSNP
n:  50 
folded: false
r_range: 0.02, 50
neu_m:  4572787 
neu_sfs: 10389, 7219, 7526, 8865, 4245, 3494, 2983, 3796, 2138, 1702, 2429, 1297, 1202, 1196, 1539, 1008, 914, 1341, 800, 799, 837, 1058, 706, 619, 931, 587, 576, 539, 848, 572, 511, 546, 891, 521, 595, 769, 529, 518, 561, 848, 676, 637, 1030, 603, 661, 678, 1202, 805, 1059
neu_theta_range: 1e-5, 0.1
neu_e_range: 0, 0.5
sel_m:  19199454 
sel_sfs: 35525, 11673, 10087, 11065, 5257, 4133, 3575, 4431, 2427, 2140, 2513, 1229, 1198, 1003, 1427, 872, 803, 1153, 608, 647, 605, 934, 554, 572, 772, 501, 525, 471, 826, 476, 531, 419, 671, 480, 429, 708, 416, 477, 479, 789, 632, 672, 943, 715, 629, 718, 1107, 817, 912
