model: neutralSNP_vs_selectedSNP
n:  50 
folded: false
r_range: 0.02, 50
neu_m:  4572787 
neu_sfs: 10444, 7249, 7375, 8829, 4350, 3397, 3091, 3767, 2107, 1706, 2403, 1344, 1170, 1204, 1524, 984, 928, 1346, 817, 774, 798, 1055, 679, 645, 930, 583, 631, 609, 910, 523, 559, 534, 861, 557, 581, 748, 519, 536, 536, 822, 655, 581, 1092, 629, 622, 716, 1200, 819, 1056
neu_theta_range: 1e-5, 0.1
neu_e_range: 0, 0.5
sel_m:  19199454 
sel_sfs: 35226, 11672, 10109, 10925, 5381, 4063, 3574, 4435, 2561, 2058, 2460, 1217, 1167, 1010, 1447, 963, 817, 1146, 707, 699, 664, 918, 563, 563, 778, 513, 539, 555, 795, 508, 483, 449, 690, 490, 481, 693, 396, 464, 489, 790, 662, 643, 959, 703, 601, 663, 1156, 824, 877
