model: neutralSNP_vs_selectedSNP
n:  50 
folded: false
r_range: 0.02, 50
neu_m:  4572787 
neu_sfs: 10447, 7210, 7475, 9194, 4229, 3432, 3031, 3826, 2134, 1717, 2407, 1292, 1143, 1160, 1608, 1054, 963, 1359, 844, 783, 799, 1054, 642, 671, 915, 598, 590, 603, 826, 546, 492, 514, 829, 531, 530, 707, 518, 520, 510, 861, 621, 620, 1114, 633, 676, 711, 1148, 738, 970
neu_theta_range: 1e-5, 0.1
neu_e_range: 0, 0.5
sel_m:  19199454 
sel_sfs: 35144, 11548, 10271, 10810, 5360, 4049, 3645, 4371, 2555, 2105, 2490, 1260, 1203, 1024, 1438, 934, 794, 1159, 619, 640, 635, 962, 588, 611, 816, 481, 497, 541, 813, 490, 482, 435, 680, 510, 480, 643, 434, 500, 507, 785, 645, 655, 997, 687, 578, 728, 1230, 832, 885
