model: neutralSNP_vs_selectedSNP
n:  50 
folded: false
r_range: 0.02, 50
neu_m:  4572787 
neu_sfs: 10441, 7274, 7613, 9010, 4161, 3405, 3023, 3800, 2144, 1747, 2347, 1351, 1200, 1203, 1538, 993, 950, 1328, 839, 780, 779, 1017, 724, 604, 919, 553, 608, 594, 801, 557, 521, 520, 866, 509, 568, 769, 482, 552, 546, 855, 661, 619, 974, 676, 645, 740, 1232, 784, 973
neu_theta_range: 1e-5, 0.1
neu_e_range: 0, 0.5
sel_m:  19199454 
sel_sfs: 35458, 11701, 10057, 11158, 5356, 4017, 3572, 4315, 2529, 2120, 2454, 1293, 1116, 970, 1453, 875, 810, 1113, 663, 621, 607, 955, 561, 576, 817, 486, 485, 515, 850, 466, 496, 476, 689, 465, 462, 690, 430, 513, 492, 765, 624, 643, 965, 706, 600, 686, 1159, 809, 907
