model: neutralSNP_vs_selectedSNP
n:  50 
folded: false
r_range: 0.02, 50
neu_m:  4572787 
neu_sfs: 10567, 7205, 7579, 8766, 4245, 3411, 3050, 3784, 2154, 1730, 2432, 1386, 1215, 1203, 1517, 1014, 932, 1268, 796, 751, 800, 1081, 658, 638, 865, 627, 620, 531, 852, 599, 506, 549, 898, 554, 540, 798, 540, 521, 545, 803, 617, 618, 1005, 639, 708, 697, 1237, 768, 976
neu_theta_range: 1e-5, 0.1
neu_e_range: 0, 0.5
sel_m:  19199454 
sel_sfs: 35494, 11520, 10277, 10840, 5310, 4057, 3649, 4408, 2487, 2107, 2501, 1275, 1171, 1054, 1471, 872, 792, 1182, 665, 659, 604, 1000, 581, 577, 787, 534, 514, 500, 819, 476, 505, 430, 681, 514, 465, 647, 397, 466, 476, 779, 604, 685, 919, 676, 610, 686, 1140, 821, 862
