model: neutralSNP_vs_selectedSNP
n:  50 
folded: false
r_range: 0.02, 50
neu_m:  4572787 
neu_sfs: 10452, 7374, 7507, 9033, 4272, 3358, 3083, 3741, 1947, 1703, 2361, 1249, 1180, 1193, 1627, 992, 965, 1379, 852, 789, 835, 1061, 666, 639, 922, 557, 595, 591, 883, 578, 528, 526, 821, 537, 587, 752, 521, 560, 521, 792, 646, 575, 1055, 605, 650, 674, 1274, 805, 982
neu_theta_range: 1e-5, 0.1
neu_e_range: 0, 0.5
sel_m:  19199454 
sel_sfs: 35477, 11536, 10118, 10872, 5317, 4051, 3663, 4427, 2473, 2053, 2475, 1281, 1176, 1019, 1477, 857, 804, 1116, 646, 694, 625, 971, 574, 562, 742, 513, 544, 489, 807, 475, 485, 472, 695, 436, 429, 690, 417, 533, 512, 812, 599, 705, 978, 706, 576, 746, 1168, 823, 930
