model: neutralSNP_vs_selectedSNP
n:  50 
folded: false
r_range: 0.02, 50
neu_m:  4572787 
neu_sfs: 10417, 7192, 7506, 9032, 4127, 3371, 3061, 3742, 2208, 1692, 2419, 1384, 1214, 1204, 1610, 1052, 905, 1362, 834, 777, 743, 1057, 705, 629, 911, 589, 622, 531, 857, 580, 498, 552, 849, 593, 568, 736, 517, 552, 534, 830, 657, 607, 1037, 604, 702, 741, 1140, 780, 965
neu_theta_range: 1e-5, 0.1
neu_e_range: 0, 0.5
sel_m:  19199454 
sel_sfs: 35207, 11715, 10196, 11022, 5307, 4098, 3696, 4323, 2523, 2055, 2439, 1268, 1186, 1035, 1424, 870, 808, 1218, 646, 629, 606, 924, 607, 575, 830, 495, 478, 509, 841, 459, 506, 433, 712, 495, 441, 637, 417, 526, 479, 839, 564, 667, 990, 681, 639, 655, 1117, 787, 972
