model: neutralSNP_vs_selectedSNP
n:  50 
folded: false
r_range: 0.02, 50
neu_m:  4981473 
neu_sfs: 30319, 27517, 23640, 10283, 11714, 5726, 4818, 5600, 3329, 4008, 2267, 2036, 2560, 1617, 2103, 1369, 1136, 1728, 1076, 1451, 917, 910, 1247, 820, 1155, 744, 745, 1102, 762, 1078, 641, 666, 1099, 666, 1049, 673, 673, 1048, 698, 1127, 815, 789, 1283, 893, 1494, 1158, 1269, 2035, 3019
neu_theta_range: 1e-5, 0.1
neu_e_range: 0, 0.5
sel_m:  20955569 
sel_sfs: 93459, 38748, 27979, 11529, 12087, 5974, 4815, 5609, 2862, 3812, 2151, 1918, 2368, 1480, 1940, 1255, 1088, 1521, 1022, 1258, 832, 788, 1117, 737, 992, 666, 668, 1033, 682, 1007, 599, 606, 955, 632, 987, 581, 580, 935, 635, 1051, 709, 735, 1211, 863, 1316, 1039, 1158, 1861, 2793
