model: neutralSNP_vs_selectedSNP
n:  50 
folded: false
r_range: 0.02, 50
neu_m:  4981473 
neu_sfs: 30361, 26893, 23791, 10313, 11922, 5701, 4712, 5830, 3183, 4037, 2121, 2031, 2665, 1605, 2208, 1378, 1195, 1737, 999, 1425, 923, 925, 1271, 819, 1119, 785, 721, 1086, 801, 1048, 671, 703, 1057, 684, 1020, 667, 682, 1101, 658, 1160, 788, 835, 1296, 924, 1557, 1212, 1186, 2030, 3036
neu_theta_range: 1e-5, 0.1
neu_e_range: 0, 0.5
sel_m:  20955569 
sel_sfs: 93492, 38840, 28151, 11482, 11942, 5939, 4779, 5700, 2942, 3875, 2111, 1912, 2312, 1448, 1849, 1155, 1110, 1559, 964, 1272, 790, 804, 1089, 798, 1001, 688, 654, 1060, 665, 963, 547, 633, 927, 624, 996, 647, 603, 975, 682, 1099, 668, 725, 1213, 868, 1317, 1078, 1084, 1840, 2771
