model: neutralSNP_vs_selectedSNP
n:  50 
folded: false
r_range: 0.02, 50
neu_m:  4981473 
neu_sfs: 30113, 27200, 23406, 10343, 11858, 5759, 4962, 5744, 3296, 3890, 2130, 1941, 2570, 1617, 2190, 1379, 1260, 1762, 1018, 1417, 977, 926, 1223, 779, 1170, 778, 778, 1086, 789, 1126, 666, 675, 1081, 706, 1081, 651, 706, 1128, 690, 1218, 788, 773, 1234, 935, 1539, 1176, 1278, 1993, 3067
neu_theta_range: 1e-5, 0.1
neu_e_range: 0, 0.5
sel_m:  20955569 
sel_sfs: 93035, 38930, 28185, 11352, 12000, 5983, 4775, 5717, 3008, 3771, 2061, 1940, 2379, 1492, 1917, 1182, 1111, 1630, 952, 1325, 817, 744, 1114, 747, 1000, 653, 671, 1033, 663, 983, 625, 684, 1009, 615, 992, 646, 599, 977, 681, 1067, 681, 755, 1151, 890, 1298, 1058, 1098, 1862, 2785
