model: neutralSNP_vs_selectedSNP
n:  50 
folded: false
r_range: 0.02, 50
neu_m:  4981473 
neu_sfs: 30269, 27207, 23835, 10412, 11647, 5581, 4799, 5855, 3228, 4076, 2194, 2020, 2638, 1602, 2155, 1404, 1255, 1787, 990, 1362, 948, 971, 1317, 795, 1147, 740, 731, 1084, 766, 1017, 672, 620, 1090, 671, 1043, 670, 660, 1026, 733, 1131, 763, 814, 1335, 973, 1522, 1165, 1224, 1987, 2941
neu_theta_range: 1e-5, 0.1
neu_e_range: 0, 0.5
sel_m:  20955569 
sel_sfs: 93253, 38533, 28192, 11305, 11966, 5957, 4937, 5647, 3006, 3694, 2083, 1889, 2392, 1485, 1876, 1192, 1094, 1581, 986, 1249, 811, 803, 1097, 754, 1035, 621, 648, 980, 703, 1071, 659, 639, 971, 659, 989, 574, 672, 1007, 704, 1059, 675, 754, 1209, 900, 1444, 1050, 1086, 1902, 2850
