model: neutralSNP_vs_selectedSNP
n:  50 
folded: false
r_range: 0.02, 50
neu_m:  4981473 
neu_sfs: 30038, 27115, 23911, 10195, 11826, 5717, 4800, 5758, 3230, 4003, 2116, 2049, 2672, 1647, 2177, 1316, 1272, 1806, 1047, 1514, 925, 914, 1278, 784, 1147, 784, 753, 1089, 770, 1094, 662, 680, 1096, 658, 1030, 728, 639, 1052, 724, 1158, 821, 785, 1283, 998, 1463, 1169, 1244, 1892, 3043
neu_theta_range: 1e-5, 0.1
neu_e_range: 0, 0.5
sel_m:  20955569 
sel_sfs: 93102, 38779, 28184, 11586, 12209, 5936, 4717, 5640, 2982, 3767, 2088, 1923, 2335, 1397, 1891, 1169, 1130, 1633, 937, 1250, 821, 817, 1107, 703, 988, 702, 632, 1026, 684, 1034, 625, 646, 969, 597, 968, 664, 599, 936, 634, 1039, 730, 741, 1191, 902, 1364, 1082, 1148, 1906, 2733
