model: neutralSNP_vs_selectedSNP
n:  50 
folded: false
r_range: 0.02, 50
neu_m:  4981473 
neu_sfs: 30175, 27653, 23690, 10301, 11487, 5763, 4786, 5768, 3218, 3983, 2189, 2039, 2649, 1570, 2116, 1374, 1221, 1740, 1045, 1401, 895, 954, 1284, 792, 1131, 736, 778, 1045, 719, 1039, 667, 674, 1047, 716, 1065, 693, 664, 1092, 699, 1200, 791, 833, 1273, 1041, 1519, 1150, 1229, 1972, 3006
neu_theta_range: 1e-5, 0.1
neu_e_range: 0, 0.5
sel_m:  20955569 
sel_sfs: 93666, 38443, 28042, 11451, 12238, 5890, 4674, 5633, 2996, 3840, 2071, 1879, 2442, 1444, 1877, 1231, 1101, 1625, 966, 1325, 827, 785, 1127, 769, 988, 643, 664, 934, 690, 1015, 593, 615, 945, 656, 982, 639, 616, 1024, 616, 1073, 754, 690, 1189, 884, 1400, 1087, 1096, 1816, 2692
