model: neutralSNP_vs_selectedSNP
n:  50 
folded: false
r_range: 0.02, 50
neu_m:  4981473 
neu_sfs: 30051, 27467, 23777, 10273, 11748, 5750, 4892, 5615, 3123, 3971, 2173, 1953, 2619, 1632, 2215, 1323, 1273, 1752, 1031, 1431, 869, 911, 1258, 812, 1152, 743, 753, 1087, 740, 1083, 690, 692, 1109, 701, 1006, 647, 657, 1073, 709, 1153, 760, 888, 1254, 992, 1560, 1186, 1221, 2032, 3065
neu_theta_range: 1e-5, 0.1
neu_e_range: 0, 0.5
sel_m:  20955569 
sel_sfs: 93292, 38690, 28467, 11593, 11946, 5937, 4743, 5559, 2964, 3811, 2062, 1868, 2335, 1524, 1964, 1184, 1114, 1536, 980, 1246, 879, 803, 1128, 774, 1031, 680, 640, 987, 703, 998, 620, 636, 962, 601, 977, 629, 623, 924, 654, 987, 691, 734, 1190, 887, 1375, 1085, 1089, 1824, 2717
