model: neutralSNP_vs_selectedSNP
n:  50 
folded: false
r_range: 0.02, 50
neu_m:  4981473 
neu_sfs: 30180, 27301, 23627, 10213, 11765, 5827, 4857, 5800, 3210, 3952, 2239, 2033, 2546, 1651, 2138, 1376, 1230, 1775, 1004, 1437, 854, 924, 1299, 809, 1136, 727, 746, 1059, 760, 1121, 696, 638, 1089, 675, 1005, 658, 672, 1104, 680, 1186, 768, 847, 1295, 984, 1517, 1163, 1227, 2014, 3058
neu_theta_range: 1e-5, 0.1
neu_e_range: 0, 0.5
sel_m:  20955569 
sel_sfs: 93376, 38599, 28373, 11564, 11908, 5735, 4675, 5778, 2920, 3902, 2105, 1952, 2369, 1555, 1937, 1252, 1080, 1537, 950, 1322, 861, 747, 1179, 709, 974, 628, 650, 1025, 698, 967, 613, 645, 914, 627, 1001, 627, 593, 938, 644, 1063, 784, 701, 1185, 877, 1340, 1116, 1093, 1813, 2742
