model: neutralSNP_vs_selectedSNP
n:  50 
folded: false
r_range: 0.02, 50
neu_m:  4981473 
neu_sfs: 30200, 27230, 23665, 10357, 11629, 5834, 4866, 5701, 3191, 4011, 2117, 2050, 2558, 1586, 2212, 1361, 1216, 1751, 1125, 1435, 950, 924, 1252, 816, 1199, 723, 760, 1099, 738, 1066, 665, 648, 1128, 701, 1046, 683, 645, 1072, 649, 1105, 853, 808, 1290, 926, 1547, 1146, 1248, 2006, 3084
neu_theta_range: 1e-5, 0.1
neu_e_range: 0, 0.5
sel_m:  20955569 
sel_sfs: 93418, 38548, 27922, 11606, 11757, 5933, 4828, 5650, 2970, 3868, 2123, 1967, 2394, 1451, 1980, 1155, 1098, 1604, 966, 1320, 822, 802, 1166, 739, 989, 673, 653, 1015, 717, 1032, 589, 646, 980, 598, 965, 639, 598, 961, 677, 1074, 670, 755, 1191, 951, 1344, 1114, 1113, 1840, 2772
