model: neutralSNP_vs_selectedSNP
n:  50 
folded: false
r_range: 0.02, 50
neu_m:  4981473 
neu_sfs: 30192, 27359, 23699, 10476, 11586, 5771, 4746, 5764, 3200, 3952, 2145, 1966, 2528, 1562, 2171, 1423, 1195, 1823, 932, 1466, 934, 1020, 1306, 785, 1241, 780, 768, 1103, 740, 1066, 691, 614, 1040, 692, 1034, 710, 693, 1014, 729, 1178, 765, 851, 1264, 950, 1496, 1176, 1235, 1950, 3091
neu_theta_range: 1e-5, 0.1
neu_e_range: 0, 0.5
sel_m:  20955569 
sel_sfs: 93479, 38732, 28085, 11630, 12154, 5811, 4705, 5691, 2980, 3782, 2076, 1893, 2439, 1438, 1919, 1147, 1097, 1585, 1024, 1290, 786, 743, 1086, 731, 993, 650, 599, 1015, 697, 1025, 620, 670, 954, 647, 972, 627, 612, 950, 614, 1065, 747, 719, 1212, 907, 1334, 1081, 1181, 1799, 2650
