model: neutralSNP_vs_selectedSNP
n:  50 
folded: false
r_range: 0.02, 50
neu_m:  4981473 
neu_sfs: 30154, 27252, 23752, 10141, 11737, 5827, 4890, 5733, 3273, 4015, 2118, 2014, 2542, 1588, 2179, 1376, 1198, 1820, 1045, 1406, 923, 919, 1260, 874, 1202, 742, 762, 1081, 720, 1005, 698, 662, 1106, 674, 1014, 629, 688, 1058, 689, 1171, 796, 873, 1254, 997, 1528, 1193, 1226, 1989, 3079
neu_theta_range: 1e-5, 0.1
neu_e_range: 0, 0.5
sel_m:  20955569 
sel_sfs: 93032, 38890, 28249, 11640, 12096, 5863, 4800, 5491, 2940, 3737, 2118, 1939, 2330, 1473, 1980, 1256, 1160, 1580, 951, 1325, 808, 787, 1082, 757, 1016, 653, 599, 998, 681, 997, 633, 621, 925, 645, 968, 627, 611, 982, 673, 1096, 750, 697, 1149, 891, 1400, 1060, 1132, 1861, 2694
