model: neutralSNP_vs_selectedSNP
n:  50 
folded: false
r_range: 0.02, 50
neu_m:  4067509 
neu_sfs: 1809, 220, 1034, 1734, 1781, 2281, 1423, 1350, 1916, 1225, 1157, 1603, 951, 1370, 844, 879, 1228, 691, 816, 1030, 752, 648, 968, 636, 910, 657, 613, 866, 665, 619, 927, 589, 524, 883, 539, 559, 798, 560, 764, 481, 466, 694, 378, 405, 587, 384, 318, 465, 160
neu_theta_range: 1e-5, 0.1
neu_e_range: 0, 0.5
sel_m:  17164288 
sel_sfs: 6977, 506, 1642, 2528, 2564, 3308, 1939, 1730, 2659, 1555, 1316, 1927, 1132, 1537, 982, 918, 1318, 754, 794, 1139, 789, 725, 1014, 633, 1064, 670, 680, 944, 675, 583, 858, 600, 539, 810, 527, 592, 757, 524, 766, 484, 517, 725, 482, 465, 588, 403, 370, 496, 147
