model: neutralSNP_vs_selectedSNP
n:  50 
folded: false
r_range: 0.02, 50
neu_m:  4067509 
neu_sfs: 1865, 218, 989, 1846, 1813, 2231, 1462, 1304, 1989, 1245, 1126, 1566, 941, 1391, 842, 851, 1255, 717, 836, 1062, 672, 699, 954, 625, 936, 652, 591, 875, 665, 582, 860, 553, 570, 808, 506, 495, 767, 558, 775, 513, 475, 683, 391, 398, 658, 413, 336, 461, 137
neu_theta_range: 1e-5, 0.1
neu_e_range: 0, 0.5
sel_m:  17164288 
sel_sfs: 7017, 525, 1510, 2532, 2594, 3203, 1985, 1829, 2627, 1547, 1331, 1922, 1108, 1560, 1024, 931, 1369, 838, 799, 1127, 803, 779, 1069, 650, 938, 676, 646, 918, 583, 597, 844, 619, 528, 840, 524, 559, 763, 502, 774, 490, 475, 747, 436, 485, 615, 385, 387, 492, 150
