model: neutralSNP_vs_selectedSNP
n:  50 
folded: false
r_range: 0.02, 50
neu_m:  4067509 
neu_sfs: 1761, 216, 956, 1801, 1752, 2324, 1424, 1407, 1977, 1249, 1174, 1564, 982, 1353, 857, 871, 1217, 759, 788, 1013, 698, 649, 939, 651, 941, 685, 567, 862, 706, 593, 844, 596, 612, 828, 528, 513, 797, 510, 699, 518, 505, 726, 425, 413, 570, 399, 297, 495, 146
neu_theta_range: 1e-5, 0.1
neu_e_range: 0, 0.5
sel_m:  17164288 
sel_sfs: 6964, 518, 1514, 2580, 2476, 3345, 1978, 1838, 2665, 1545, 1298, 1934, 1126, 1558, 1022, 890, 1319, 808, 712, 1153, 817, 779, 1021, 644, 964, 645, 595, 959, 648, 567, 892, 647, 554, 842, 566, 589, 767, 509, 729, 506, 535, 672, 469, 481, 650, 387, 333, 488, 154
