model: neutralSNP_vs_selectedSNP
n:  50 
folded: false
r_range: 0.02, 50
neu_m:  4067509 
neu_sfs: 1798, 195, 978, 1747, 1725, 2287, 1479, 1382, 1936, 1219, 1162, 1605, 957, 1410, 896, 898, 1256, 679, 805, 1029, 713, 703, 910, 649, 920, 670, 594, 828, 666, 587, 861, 577, 553, 824, 557, 547, 781, 524, 733, 497, 489, 773, 395, 434, 593, 393, 313, 451, 179
neu_theta_range: 1e-5, 0.1
neu_e_range: 0, 0.5
sel_m:  17164288 
sel_sfs: 7114, 487, 1492, 2500, 2670, 3280, 1982, 1712, 2671, 1576, 1336, 1868, 1108, 1541, 1055, 882, 1293, 848, 822, 1151, 788, 732, 987, 617, 974, 683, 598, 944, 666, 624, 833, 576, 555, 779, 574, 586, 790, 515, 721, 505, 517, 707, 456, 453, 634, 404, 381, 511, 154
