model: neutralSNP_vs_selectedSNP
n:  50 
folded: false
r_range: 0.02, 50
neu_m:  4067509 
neu_sfs: 1742, 201, 961, 1758, 1773, 2348, 1402, 1327, 2000, 1192, 1102, 1633, 986, 1281, 885, 836, 1237, 730, 843, 1055, 702, 698, 921, 656, 944, 633, 648, 911, 644, 593, 845, 531, 546, 825, 569, 557, 795, 553, 735, 469, 490, 720, 448, 422, 581, 421, 317, 513, 178
neu_theta_range: 1e-5, 0.1
neu_e_range: 0, 0.5
sel_m:  17164288 
sel_sfs: 6963, 503, 1552, 2544, 2672, 3373, 2024, 1751, 2644, 1538, 1289, 1849, 1059, 1618, 996, 921, 1332, 802, 781, 1147, 745, 747, 1037, 622, 954, 653, 632, 947, 630, 566, 906, 616, 587, 754, 540, 617, 789, 454, 732, 521, 500, 724, 488, 455, 662, 414, 375, 484, 143
