model: neutralSNP_vs_selectedSNP
n:  50 
folded: false
r_range: 0.02, 50
neu_m:  4067509 
neu_sfs: 1816, 234, 913, 1794, 1793, 2247, 1499, 1382, 2002, 1159, 1106, 1566, 954, 1393, 875, 867, 1276, 709, 792, 1076, 753, 662, 926, 726, 915, 635, 601, 897, 678, 604, 860, 549, 506, 809, 532, 511, 789, 551, 683, 496, 462, 739, 405, 426, 644, 395, 303, 480, 167
neu_theta_range: 1e-5, 0.1
neu_e_range: 0, 0.5
sel_m:  17164288 
sel_sfs: 6974, 513, 1557, 2553, 2573, 3297, 2011, 1771, 2669, 1526, 1314, 1904, 1123, 1492, 1033, 897, 1327, 806, 764, 1169, 735, 820, 1000, 672, 1024, 654, 618, 960, 631, 599, 825, 615, 525, 830, 556, 527, 742, 522, 741, 480, 531, 761, 480, 438, 663, 410, 380, 487, 153
