model: neutralSNP_vs_selectedSNP
n:  50 
folded: false
r_range: 0.02, 50
neu_m:  4067509 
neu_sfs: 1844, 207, 978, 1757, 1869, 2275, 1468, 1361, 1954, 1234, 1187, 1553, 958, 1373, 908, 853, 1271, 717, 789, 1068, 703, 708, 917, 654, 940, 648, 590, 856, 659, 627, 888, 558, 531, 821, 519, 516, 758, 515, 766, 484, 510, 659, 420, 415, 551, 411, 300, 450, 159
neu_theta_range: 1e-5, 0.1
neu_e_range: 0, 0.5
sel_m:  17164288 
sel_sfs: 7032, 502, 1577, 2495, 2637, 3296, 1938, 1751, 2618, 1551, 1274, 1909, 1164, 1531, 1037, 886, 1373, 820, 775, 1137, 797, 790, 985, 651, 1013, 674, 686, 956, 648, 559, 873, 594, 528, 811, 546, 587, 746, 502, 783, 477, 485, 691, 464, 470, 611, 377, 372, 497, 176
