model: neutralSNP_vs_selectedSNP
n:  50 
folded: false
r_range: 0.02, 50
neu_m:  4067509 
neu_sfs: 1854, 227, 1006, 1786, 1802, 2317, 1423, 1326, 1886, 1222, 1109, 1530, 1011, 1349, 923, 866, 1280, 736, 812, 1091, 712, 707, 894, 614, 959, 638, 541, 878, 598, 588, 895, 572, 545, 838, 550, 508, 780, 574, 780, 506, 452, 705, 373, 446, 590, 408, 286, 497, 167
neu_theta_range: 1e-5, 0.1
neu_e_range: 0, 0.5
sel_m:  17164288 
sel_sfs: 7190, 553, 1592, 2518, 2600, 3233, 1938, 1765, 2639, 1565, 1297, 1836, 1104, 1558, 1035, 886, 1381, 797, 835, 1135, 749, 777, 1019, 621, 1008, 686, 600, 931, 640, 590, 882, 542, 521, 842, 576, 621, 738, 493, 710, 503, 524, 683, 442, 465, 603, 409, 379, 474, 167
