model: neutralSNP_vs_selectedSNP
n:  50 
folded: false
r_range: 0.02, 50
neu_m:  4067509 
neu_sfs: 1833, 223, 952, 1655, 1709, 2316, 1438, 1338, 2032, 1256, 1150, 1572, 915, 1398, 854, 846, 1244, 740, 785, 1088, 726, 693, 906, 670, 930, 738, 568, 938, 620, 597, 811, 580, 524, 819, 539, 504, 770, 574, 718, 528, 545, 739, 430, 400, 584, 419, 321, 456, 166
neu_theta_range: 1e-5, 0.1
neu_e_range: 0, 0.5
sel_m:  17164288 
sel_sfs: 6972, 522, 1614, 2614, 2590, 3279, 2070, 1791, 2684, 1634, 1360, 1883, 1062, 1580, 1025, 883, 1362, 766, 745, 1120, 717, 748, 1046, 657, 938, 677, 664, 911, 673, 540, 878, 631, 526, 826, 557, 559, 700, 483, 743, 488, 503, 724, 436, 452, 682, 374, 333, 480, 150
