model: neutralSNP_vs_selectedSNP
n:  50 
folded: false
r_range: 0.02, 50
neu_m:  4067509 
neu_sfs: 1799, 185, 968, 1803, 1704, 2239, 1450, 1322, 2021, 1292, 1141, 1614, 917, 1338, 936, 895, 1232, 768, 795, 1084, 707, 695, 922, 648, 849, 673, 606, 888, 679, 634, 876, 554, 581, 861, 504, 467, 740, 559, 751, 484, 476, 736, 420, 441, 562, 383, 325, 465, 168
neu_theta_range: 1e-5, 0.1
neu_e_range: 0, 0.5
sel_m:  17164288 
sel_sfs: 7111, 477, 1520, 2603, 2569, 3336, 2072, 1736, 2581, 1606, 1343, 1909, 1078, 1585, 988, 905, 1388, 799, 773, 1161, 779, 734, 1026, 630, 988, 669, 604, 905, 612, 527, 884, 638, 513, 814, 545, 564, 795, 504, 740, 491, 502, 715, 429, 470, 680, 367, 344, 466, 177
