model: neutralSNP_vs_selectedSNP
n:  50 
folded: false
r_range: 0.02, 50
neu_m:  4067509 
neu_sfs: 1852, 219, 967, 1711, 1798, 2306, 1493, 1343, 1934, 1251, 1181, 1548, 897, 1284, 916, 869, 1251, 770, 794, 1070, 708, 734, 894, 637, 930, 723, 571, 869, 641, 598, 855, 560, 561, 825, 533, 516, 770, 561, 754, 481, 474, 754, 398, 408, 603, 436, 323, 416, 170
neu_theta_range: 1e-5, 0.1
neu_e_range: 0, 0.5
sel_m:  17164288 
sel_sfs: 7063, 501, 1534, 2534, 2712, 3251, 1965, 1809, 2646, 1538, 1312, 1859, 1123, 1538, 1020, 859, 1399, 814, 766, 1125, 759, 717, 977, 659, 944, 672, 594, 938, 724, 556, 861, 641, 522, 831, 548, 597, 830, 483, 716, 507, 522, 738, 459, 481, 634, 392, 341, 487, 154
