model: neutralSNP_vs_selectedSNP
n:  50 
folded: false
r_range: 0.02, 50
neu_m:  4067509 
neu_sfs: 1928, 226, 958, 1783, 1752, 2289, 1517, 1390, 1914, 1230, 1115, 1519, 942, 1306, 885, 851, 1212, 745, 835, 1076, 706, 698, 902, 654, 955, 697, 584, 894, 620, 601, 847, 528, 584, 831, 542, 526, 797, 545, 730, 512, 485, 703, 421, 395, 585, 405, 326, 435, 176
neu_theta_range: 1e-5, 0.1
neu_e_range: 0, 0.5
sel_m:  17164288 
sel_sfs: 7054, 501, 1552, 2494, 2667, 3458, 2036, 1811, 2622, 1517, 1324, 1925, 1126, 1523, 1012, 906, 1392, 811, 763, 1043, 748, 817, 964, 670, 922, 668, 665, 906, 645, 540, 819, 607, 494, 837, 541, 604, 751, 542, 702, 504, 504, 718, 458, 454, 638, 388, 362, 476, 171
