model: neutralSNP_vs_selectedSNP
n:  50 
folded: false
r_range: 0.02, 50
neu_m:  5043172 
neu_sfs:  33860, 2848, 1925, 1017, 895, 1214, 823, 791, 1159, 663, 574, 693, 412, 538, 290, 308, 462, 274, 277, 373, 253, 250, 368, 233, 341, 227, 235, 326, 206, 224, 359, 213, 235, 344, 243, 259, 386, 322, 512, 359, 391, 637, 372, 399, 519, 319, 325, 469, 405 
neu_theta_range: 1e-5, 0.1
neu_e_range: 0, 0.5
sel_m:  21178622 
sel_sfs:  134949, 7800, 4003, 1990, 1737, 2290, 1469, 1411, 1948, 909, 804, 934, 535, 673, 375, 358, 507, 296, 343, 438, 282, 261, 397, 249, 391, 226, 230, 333, 235, 254, 352, 250, 219, 377, 224, 227, 379, 274, 492, 393, 403, 676, 439, 395, 572, 350, 351, 543, 432 
