model: neutralSNP_vs_selectedSNP
n:  50 
folded: false
r_range: 0.02, 50
neu_m:  4572787 
neu_sfs: 7501, 2226, 3368, 8093, 4159, 3310, 3104, 3798, 2184, 1789, 2437, 1360, 1196, 1203, 1628, 993, 934, 1401, 804, 795, 834, 1064, 682, 655, 947, 598, 634, 518, 876, 549, 528, 550, 860, 579, 558, 804, 516, 535, 492, 880, 612, 620, 1069, 652, 673, 726, 1140, 703, 651
neu_theta_range: 1e-5, 0.1
neu_e_range: 0, 0.5
sel_m:  19199454 
sel_sfs: 25720, 3534, 4556, 9863, 5408, 4190, 3576, 4603, 2512, 2079, 2448, 1255, 1202, 1050, 1427, 910, 845, 1173, 622, 667, 638, 907, 550, 584, 833, 525, 530, 486, 814, 497, 497, 439, 725, 479, 460, 676, 382, 463, 493, 781, 590, 692, 912, 693, 645, 712, 1126, 745, 572
