model: neutralSNP_vs_selectedSNP
n:  50 
folded: false
r_range: 0.02, 50
neu_m:  4572787 
neu_sfs: 7539, 2183, 3334, 8163, 4359, 3451, 3007, 3845, 2161, 1742, 2374, 1273, 1159, 1173, 1578, 1054, 866, 1374, 813, 821, 831, 1052, 692, 700, 931, 642, 643, 552, 840, 560, 541, 544, 849, 541, 563, 759, 537, 526, 530, 808, 618, 629, 1020, 650, 679, 702, 1201, 732, 647
neu_theta_range: 1e-5, 0.1
neu_e_range: 0, 0.5
sel_m:  19199454 
sel_sfs: 25512, 3580, 4646, 10099, 5344, 4106, 3596, 4386, 2582, 2063, 2483, 1239, 1170, 1024, 1527, 863, 827, 1197, 614, 653, 655, 889, 549, 574, 763, 482, 520, 481, 817, 530, 517, 448, 686, 467, 515, 700, 409, 482, 483, 869, 626, 645, 938, 713, 608, 738, 1162, 718, 591
