model: neutralSNP_vs_selectedSNP
n:  50 
folded: false
r_range: 0.02, 50
neu_m:  4572787 
neu_sfs: 7410, 2255, 3449, 8109, 4337, 3381, 3219, 3830, 2135, 1739, 2360, 1284, 1171, 1175, 1598, 1019, 924, 1298, 824, 791, 794, 1045, 702, 625, 910, 586, 597, 565, 860, 589, 534, 533, 896, 567, 551, 764, 506, 542, 590, 836, 638, 601, 1008, 686, 690, 748, 1145, 743, 629
neu_theta_range: 1e-5, 0.1
neu_e_range: 0, 0.5
sel_m:  19199454 
sel_sfs: 25750, 3436, 4517, 9749, 5332, 4203, 3556, 4514, 2598, 2029, 2568, 1331, 1198, 1041, 1500, 950, 811, 1123, 652, 642, 636, 951, 581, 565, 783, 549, 514, 505, 858, 499, 476, 433, 626, 493, 486, 684, 407, 483, 528, 808, 645, 658, 939, 728, 639, 693, 1126, 739, 554
