model: neutralSNP_vs_selectedSNP
n:  50 
folded: false
r_range: 0.02, 50
neu_m:  4572787 
neu_sfs: 7588, 2162, 3329, 8080, 4157, 3536, 3100, 3876, 2145, 1726, 2387, 1362, 1208, 1238, 1551, 1023, 936, 1331, 785, 801, 784, 1056, 639, 684, 985, 639, 608, 576, 833, 623, 497, 519, 867, 543, 544, 774, 506, 544, 566, 817, 649, 628, 1070, 625, 651, 713, 1186, 734, 607
neu_theta_range: 1e-5, 0.1
neu_e_range: 0, 0.5
sel_m:  19199454 
sel_sfs: 25809, 3608, 4492, 9919, 5482, 4234, 3550, 4423, 2553, 2150, 2421, 1258, 1249, 1039, 1457, 876, 797, 1087, 639, 661, 585, 929, 547, 569, 783, 475, 488, 542, 820, 480, 451, 445, 654, 482, 470, 622, 424, 431, 538, 817, 627, 699, 939, 681, 681, 733, 1175, 723, 572
