model: neutralSNP_vs_selectedSNP
n:  50 
folded: false
r_range: 0.02, 50
neu_m:  4572787 
neu_sfs: 7606, 2283, 3396, 7995, 4276, 3483, 3155, 3886, 2185, 1746, 2439, 1354, 1166, 1162, 1578, 1025, 963, 1291, 782, 754, 807, 1061, 619, 668, 956, 629, 617, 531, 882, 546, 535, 543, 782, 560, 540, 798, 533, 531, 551, 758, 622, 605, 1019, 650, 671, 741, 1147, 728, 633
neu_theta_range: 1e-5, 0.1
neu_e_range: 0, 0.5
sel_m:  19199454 
sel_sfs: 25665, 3558, 4530, 9954, 5462, 4048, 3650, 4405, 2655, 2133, 2572, 1248, 1222, 1026, 1411, 868, 794, 1164, 699, 644, 611, 927, 557, 543, 744, 470, 512, 474, 775, 481, 487, 449, 704, 476, 494, 651, 466, 506, 451, 820, 594, 649, 918, 675, 646, 727, 1175, 776, 620
