model: neutralSNP_vs_selectedSNP
n:  50 
folded: false
r_range: 0.02, 50
neu_m:  4572787 
neu_sfs: 7583, 2234, 3291, 8369, 4256, 3346, 3150, 3844, 2169, 1738, 2432, 1343, 1191, 1159, 1571, 1083, 953, 1332, 790, 783, 814, 1002, 652, 649, 930, 598, 649, 556, 820, 607, 515, 550, 864, 522, 535, 776, 529, 503, 512, 830, 611, 631, 1020, 608, 681, 722, 1127, 741, 617
neu_theta_range: 1e-5, 0.1
neu_e_range: 0, 0.5
sel_m:  19199454 
sel_sfs: 25676, 3514, 4480, 9876, 5515, 4251, 3588, 4437, 2519, 2126, 2505, 1249, 1144, 1016, 1472, 883, 832, 1130, 618, 634, 627, 958, 556, 652, 725, 527, 561, 489, 802, 465, 484, 427, 721, 526, 472, 729, 410, 521, 511, 768, 612, 687, 939, 691, 652, 677, 1139, 697, 596
