model: neutralSNP_vs_selectedSNP
n:  50 
folded: false
r_range: 0.02, 50
neu_m:  4572787 
neu_sfs: 7561, 2183, 3405, 8091, 4247, 3427, 3054, 3799, 2164, 1768, 2429, 1316, 1206, 1160, 1566, 1025, 929, 1383, 779, 786, 819, 985, 641, 643, 968, 625, 634, 564, 848, 623, 510, 512, 830, 571, 521, 817, 532, 558, 564, 753, 608, 647, 1101, 621, 705, 704, 1185, 762, 659
neu_theta_range: 1e-5, 0.1
neu_e_range: 0, 0.5
sel_m:  19199454 
sel_sfs: 25770, 3591, 4619, 9637, 5365, 4088, 3649, 4497, 2549, 2128, 2521, 1294, 1186, 1009, 1421, 880, 836, 1182, 663, 673, 619, 946, 588, 575, 778, 551, 514, 513, 820, 506, 482, 414, 674, 497, 492, 690, 396, 470, 512, 794, 644, 674, 914, 692, 597, 722, 1117, 763, 574
