model: neutralSNP_vs_selectedSNP
n:  50 
folded: false
r_range: 0.02, 50
neu_m:  4572787 
neu_sfs: 7639, 2333, 3333, 8073, 4289, 3489, 3082, 3672, 2164, 1732, 2431, 1320, 1168, 1214, 1550, 1012, 946, 1379, 795, 809, 834, 1024, 669, 604, 972, 633, 633, 542, 931, 585, 556, 556, 866, 512, 494, 827, 489, 516, 515, 802, 610, 604, 993, 637, 665, 760, 1118, 772, 639
neu_theta_range: 1e-5, 0.1
neu_e_range: 0, 0.5
sel_m:  19199454 
sel_sfs: 25619, 3531, 4610, 9873, 5365, 4109, 3555, 4506, 2556, 2159, 2500, 1230, 1139, 1058, 1499, 903, 849, 1129, 635, 679, 619, 959, 538, 576, 800, 550, 541, 456, 772, 499, 503, 474, 715, 471, 503, 652, 413, 436, 517, 805, 640, 700, 943, 703, 617, 700, 1152, 752, 576
