model: neutralSNP_vs_selectedSNP
n:  50 
folded: false
r_range: 0.02, 50
neu_m:  4572787 
neu_sfs: 7536, 2218, 3481, 8112, 4215, 3366, 3176, 3818, 2100, 1780, 2476, 1274, 1202, 1130, 1543, 984, 951, 1327, 798, 759, 818, 1050, 634, 701, 946, 581, 605, 550, 905, 558, 533, 539, 893, 577, 564, 773, 518, 576, 574, 856, 677, 574, 971, 645, 700, 688, 1132, 784, 620
neu_theta_range: 1e-5, 0.1
neu_e_range: 0, 0.5
sel_m:  19199454 
sel_sfs: 25618, 3565, 4415, 9991, 5414, 4183, 3637, 4506, 2546, 2140, 2449, 1308, 1170, 999, 1467, 899, 819, 1083, 653, 683, 574, 919, 552, 542, 787, 525, 503, 552, 793, 530, 468, 396, 665, 498, 456, 677, 440, 462, 498, 833, 648, 677, 1013, 759, 639, 704, 1122, 713, 596
