model: neutralSNP_vs_selectedSNP
n:  50 
folded: false
r_range: 0.02, 50
neu_m:  4572787 
neu_sfs: 7537, 2298, 3380, 8076, 4258, 3452, 3141, 3683, 2151, 1714, 2435, 1353, 1227, 1189, 1626, 1010, 950, 1334, 828, 773, 828, 1026, 719, 603, 969, 579, 577, 553, 881, 556, 508, 539, 809, 559, 537, 787, 545, 521, 551, 826, 661, 638, 1060, 679, 642, 738, 1175, 696, 611
neu_theta_range: 1e-5, 0.1
neu_e_range: 0, 0.5
sel_m:  19199454 
sel_sfs: 25490, 3513, 4593, 9813, 5473, 4198, 3587, 4496, 2572, 2081, 2454, 1285, 1137, 998, 1533, 899, 783, 1181, 637, 711, 616, 922, 534, 604, 789, 486, 506, 483, 850, 512, 465, 455, 696, 507, 475, 629, 408, 485, 503, 834, 648, 686, 943, 723, 664, 718, 1161, 774, 576
