model: neutralSNP_vs_selectedSNP
n:  50 
folded: false
r_range: 0.02, 50
neu_m:  4572787 
neu_sfs: 7527, 2237, 3278, 7941, 4272, 3473, 3023, 3817, 2280, 1731, 2443, 1340, 1194, 1196, 1615, 1022, 996, 1306, 818, 830, 795, 1065, 626, 644, 987, 592, 588, 561, 885, 571, 478, 514, 839, 526, 594, 765, 505, 513, 539, 891, 632, 627, 1048, 656, 655, 747, 1206, 750, 650
neu_theta_range: 1e-5, 0.1
neu_e_range: 0, 0.5
sel_m:  19199454 
sel_sfs: 25599, 3580, 4454, 10050, 5384, 4157, 3695, 4532, 2543, 2062, 2518, 1259, 1139, 1021, 1446, 933, 778, 1172, 654, 646, 601, 954, 588, 552, 787, 588, 513, 469, 785, 448, 489, 432, 691, 469, 472, 679, 414, 498, 489, 853, 626, 616, 924, 688, 611, 742, 1135, 757, 594
