model: neutralSNP_vs_selectedSNP
n:  50 
folded: false
r_range: 0.02, 50
neu_m:  4572787 
neu_sfs: 7507, 2197, 3282, 8165, 4174, 3448, 3100, 3757, 2160, 1682, 2465, 1326, 1284, 1237, 1535, 960, 965, 1346, 814, 804, 840, 1030, 655, 679, 901, 614, 635, 556, 873, 563, 528, 546, 859, 520, 549, 815, 537, 543, 559, 833, 661, 605, 1051, 629, 680, 693, 1215, 777, 634
neu_theta_range: 1e-5, 0.1
neu_e_range: 0, 0.5
sel_m:  19199454 
sel_sfs: 25925, 3488, 4553, 9891, 5383, 4109, 3560, 4468, 2583, 2075, 2454, 1235, 1162, 990, 1495, 874, 838, 1158, 654, 655, 611, 939, 539, 588, 794, 484, 541, 523, 795, 497, 497, 455, 719, 485, 499, 656, 429, 451, 503, 841, 589, 685, 956, 729, 617, 698, 1127, 708, 581
