model: neutralSNP_vs_selectedSNP
n:  50 
folded: false
r_range: 0.02, 50
neu_m:  4572787 
neu_sfs: 7499, 2191, 3346, 8140, 4394, 3526, 2993, 3761, 2180, 1745, 2435, 1259, 1246, 1158, 1583, 1048, 924, 1360, 846, 816, 810, 1037, 679, 653, 930, 563, 562, 544, 875, 625, 478, 561, 835, 557, 561, 766, 526, 546, 501, 854, 667, 589, 993, 685, 661, 729, 1191, 711, 649
neu_theta_range: 1e-5, 0.1
neu_e_range: 0, 0.5
sel_m:  19199454 
sel_sfs: 25758, 3524, 4533, 9921, 5366, 4012, 3636, 4304, 2514, 2160, 2481, 1294, 1151, 984, 1514, 907, 812, 1146, 655, 703, 583, 966, 574, 541, 791, 541, 511, 523, 785, 504, 516, 436, 709, 501, 442, 685, 445, 458, 502, 826, 607, 658, 991, 706, 680, 732, 1186, 733, 579
