model: neutralSNP_vs_selectedSNP
n:  50 
folded: false
r_range: 0.02, 50
neu_m:  4572787 
neu_sfs: 7440, 2251, 3348, 8099, 4356, 3434, 3012, 3735, 2154, 1766, 2456, 1324, 1179, 1184, 1533, 1039, 885, 1361, 813, 878, 780, 1041, 666, 647, 1030, 590, 584, 565, 866, 659, 519, 539, 879, 601, 518, 768, 514, 559, 588, 834, 647, 649, 1024, 593, 687, 720, 1149, 712, 613
neu_theta_range: 1e-5, 0.1
neu_e_range: 0, 0.5
sel_m:  19199454 
sel_sfs: 25872, 3561, 4424, 10007, 5394, 4116, 3711, 4412, 2535, 2058, 2455, 1332, 1158, 1085, 1508, 894, 824, 1142, 636, 650, 591, 961, 564, 544, 769, 494, 494, 480, 828, 500, 470, 418, 704, 483, 464, 692, 397, 467, 507, 792, 600, 736, 915, 701, 651, 659, 1107, 719, 605
