model: neutralSNP_vs_selectedSNP
n:  50 
folded: false
r_range: 0.02, 50
neu_m:  4572787 
neu_sfs: 7469, 2289, 3305, 7975, 4255, 3465, 3076, 3832, 2199, 1778, 2417, 1410, 1239, 1169, 1559, 1023, 881, 1339, 818, 795, 802, 1081, 616, 672, 944, 611, 628, 546, 896, 575, 499, 509, 924, 569, 555, 766, 502, 496, 583, 836, 641, 593, 1094, 675, 686, 731, 1148, 677, 640
neu_theta_range: 1e-5, 0.1
neu_e_range: 0, 0.5
sel_m:  19199454 
sel_sfs: 25599, 3591, 4411, 9958, 5397, 4251, 3631, 4354, 2630, 2119, 2524, 1322, 1123, 1119, 1499, 895, 812, 1141, 649, 742, 632, 873, 567, 551, 783, 484, 499, 489, 784, 501, 466, 450, 703, 475, 503, 666, 433, 483, 491, 838, 612, 661, 973, 705, 616, 702, 1091, 727, 561
