model: neutralSNP_vs_selectedSNP
n:  50 
folded: false
r_range: 0.02, 50
neu_m:  4572787 
neu_sfs: 7532, 2215, 3408, 8049, 4237, 3432, 3117, 3891, 2190, 1732, 2469, 1310, 1172, 1178, 1590, 1078, 1007, 1323, 816, 822, 812, 1022, 707, 627, 998, 588, 578, 549, 881, 565, 532, 516, 813, 532, 532, 747, 518, 558, 556, 831, 650, 608, 1002, 632, 651, 689, 1150, 764, 612
neu_theta_range: 1e-5, 0.1
neu_e_range: 0, 0.5
sel_m:  19199454 
sel_sfs: 25828, 3535, 4524, 9954, 5429, 4085, 3554, 4473, 2550, 2057, 2514, 1262, 1191, 1036, 1516, 848, 862, 1117, 639, 643, 617, 934, 553, 554, 735, 496, 513, 479, 809, 491, 469, 445, 765, 502, 473, 631, 414, 482, 543, 803, 588, 655, 985, 715, 664, 705, 1130, 747, 572
