model: neutralSNP_vs_selectedSNP
n:  50 
folded: false
r_range: 0.02, 50
neu_m:  4572787 
neu_sfs: 7482, 2256, 3383, 7974, 4206, 3496, 3154, 3799, 2214, 1766, 2457, 1307, 1198, 1213, 1593, 1110, 951, 1250, 760, 795, 788, 1005, 625, 653, 955, 599, 682, 530, 897, 540, 536, 492, 937, 555, 534, 777, 508, 508, 531, 837, 630, 602, 1088, 671, 675, 698, 1157, 781, 633
neu_theta_range: 1e-5, 0.1
neu_e_range: 0, 0.5
sel_m:  19199454 
sel_sfs: 25416, 3471, 4440, 10108, 5491, 4182, 3620, 4389, 2505, 2084, 2511, 1286, 1168, 1033, 1562, 883, 789, 1215, 681, 664, 609, 936, 543, 563, 790, 529, 562, 497, 809, 494, 484, 392, 717, 514, 489, 694, 424, 477, 496, 785, 607, 726, 963, 726, 604, 756, 1067, 744, 591
