model: neutralSNP_vs_selectedSNP
n:  50 
folded: false
r_range: 0.02, 50
neu_m:  4572787 
neu_sfs: 7476, 2180, 3395, 8197, 4228, 3507, 3093, 3778, 2208, 1780, 2464, 1339, 1206, 1164, 1544, 982, 931, 1270, 845, 783, 792, 1076, 657, 662, 991, 574, 620, 568, 814, 630, 531, 517, 828, 569, 573, 791, 560, 498, 565, 874, 632, 648, 1045, 610, 634, 703, 1146, 715, 595
neu_theta_range: 1e-5, 0.1
neu_e_range: 0, 0.5
sel_m:  19199454 
sel_sfs: 25650, 3584, 4647, 9970, 5325, 4242, 3670, 4405, 2541, 2061, 2458, 1296, 1131, 1067, 1440, 881, 822, 1143, 608, 638, 615, 939, 565, 580, 722, 488, 567, 494, 797, 541, 484, 403, 711, 489, 465, 677, 409, 467, 531, 814, 629, 637, 989, 661, 640, 719, 1179, 749, 546
