model: neutralSNP_vs_selectedSNP
n:  50 
folded: false
r_range: 0.02, 50
neu_m:  4572787 
neu_sfs: 7504, 2141, 3349, 8057, 4300, 3452, 3120, 3784, 2158, 1698, 2447, 1341, 1183, 1281, 1623, 1036, 905, 1297, 813, 729, 784, 1033, 683, 692, 934, 635, 637, 532, 878, 612, 524, 576, 909, 599, 526, 743, 503, 539, 497, 847, 633, 610, 1047, 644, 690, 702, 1127, 781, 653
neu_theta_range: 1e-5, 0.1
neu_e_range: 0, 0.5
sel_m:  19199454 
sel_sfs: 25808, 3581, 4482, 9884, 5346, 4192, 3681, 4467, 2584, 2090, 2440, 1264, 1149, 1037, 1458, 905, 852, 1145, 633, 699, 648, 921, 568, 566, 756, 525, 519, 476, 793, 515, 501, 392, 670, 483, 470, 654, 422, 478, 495, 806, 613, 657, 935, 692, 663, 665, 1155, 760, 591
