model: neutralSNP_vs_selectedSNP
n:  50 
folded: false
r_range: 0.02, 50
neu_m:  5043172 
neu_sfs: 6115, 922, 1986, 1050, 890, 1282, 845, 788, 1179, 677, 581, 733, 419, 573, 293, 314, 453, 289, 285, 384, 250, 278, 387, 213, 351, 215, 230, 352, 212, 247, 389, 209, 246, 372, 251, 258, 396, 365, 517, 342, 396, 567, 325, 377, 497, 302, 288, 424, 312
neu_theta_range: 1e-5, 0.1
neu_e_range: 0, 0.5
sel_m:  21178622 
sel_sfs: 23958, 2653, 4188, 1983, 1713, 2365, 1512, 1472, 1999, 967, 810, 980, 537, 682, 367, 333, 488, 279, 353, 445, 312, 275, 381, 265, 423, 245, 199, 350, 250, 254, 385, 239, 222, 390, 199, 223, 417, 292, 496, 355, 405, 637, 421, 439, 550, 339, 324, 510, 325
