model: neutralSNP_vs_selectedSNP
n:  50 
folded: false
r_range: 0.02, 50
neu_m:  5043172 
neu_sfs: 5980, 965, 2084, 1031, 909, 1183, 849, 800, 1130, 630, 637, 676, 459, 612, 306, 316, 521, 277, 265, 383, 246, 243, 409, 234, 361, 241, 239, 342, 215, 198, 365, 216, 251, 361, 228, 248, 395, 304, 514, 367, 417, 638, 349, 379, 481, 298, 311, 443, 320
neu_theta_range: 1e-5, 0.1
neu_e_range: 0, 0.5
sel_m:  21178622 
sel_sfs: 23978, 2695, 4085, 1999, 1706, 2427, 1489, 1425, 2026, 918, 783, 1011, 541, 728, 382, 350, 483, 280, 306, 461, 296, 269, 389, 274, 407, 234, 232, 338, 220, 241, 344, 261, 233, 377, 242, 254, 373, 275, 521, 392, 437, 678, 398, 380, 601, 337, 332, 461, 337
