model: neutralSNP_vs_selectedSNP
n:  50 
folded: false
r_range: 0.02, 50
neu_m:  5043172 
neu_sfs: 6165, 884, 2038, 968, 919, 1260, 845, 821, 1153, 642, 577, 698, 411, 536, 271, 301, 501, 275, 298, 403, 264, 268, 343, 282, 332, 227, 264, 329, 208, 222, 348, 235, 227, 344, 237, 272, 371, 349, 507, 356, 384, 672, 385, 421, 505, 324, 297, 392, 295
neu_theta_range: 1e-5, 0.1
neu_e_range: 0, 0.5
sel_m:  21178622 
sel_sfs: 23857, 2633, 4071, 2082, 1794, 2322, 1544, 1384, 1984, 907, 828, 1008, 566, 658, 410, 389, 522, 296, 351, 463, 303, 281, 404, 252, 436, 209, 211, 321, 225, 280, 359, 292, 221, 390, 237, 241, 377, 267, 516, 396, 443, 627, 429, 363, 559, 335, 322, 490, 351
