model: neutralSNP_vs_selectedSNP
n:  50 
folded: false
r_range: 0.02, 50
neu_m:  5043172 
neu_sfs: 6060, 971, 1933, 1050, 930, 1220, 905, 816, 1174, 628, 649, 746, 399, 569, 311, 323, 466, 289, 263, 374, 277, 263, 398, 230, 340, 224, 225, 326, 204, 221, 378, 225, 248, 373, 242, 254, 384, 316, 509, 336, 409, 621, 366, 364, 482, 282, 326, 410, 317
neu_theta_range: 1e-5, 0.1
neu_e_range: 0, 0.5
sel_m:  21178622 
sel_sfs: 23980, 2600, 4139, 1992, 1701, 2354, 1472, 1426, 2014, 931, 796, 902, 619, 694, 426, 361, 511, 322, 365, 471, 288, 280, 412, 258, 397, 228, 246, 344, 245, 284, 355, 243, 212, 412, 219, 202, 372, 261, 476, 379, 425, 668, 428, 379, 569, 338, 352, 531, 327
