model: neutralSNP_vs_selectedSNP
n:  50 
folded: false
r_range: 0.02, 50
neu_m:  5043172 
neu_sfs: 5867, 925, 1986, 1017, 866, 1240, 875, 794, 1232, 618, 609, 707, 458, 589, 257, 296, 492, 278, 256, 394, 244, 243, 366, 247, 338, 231, 259, 322, 230, 222, 391, 230, 242, 361, 276, 255, 390, 322, 533, 396, 433, 649, 369, 386, 532, 296, 327, 433, 347
neu_theta_range: 1e-5, 0.1
neu_e_range: 0, 0.5
sel_m:  21178622 
sel_sfs: 23923, 2614, 4142, 2079, 1763, 2341, 1465, 1495, 1961, 912, 830, 935, 532, 684, 386, 362, 530, 297, 368, 429, 278, 276, 391, 249, 458, 237, 238, 349, 231, 259, 331, 265, 248, 387, 224, 228, 358, 276, 484, 388, 426, 665, 432, 378, 608, 314, 323, 515, 342
