model: neutralSNP_vs_selectedSNP
n:  50 
folded: false
r_range: 0.02, 50
neu_m:  5043172 
neu_sfs: 6066, 986, 2036, 1051, 876, 1305, 847, 803, 1116, 684, 575, 702, 410, 550, 312, 260, 443, 280, 293, 398, 275, 252, 382, 237, 337, 243, 226, 339, 207, 211, 374, 200, 240, 368, 269, 273, 356, 337, 502, 357, 354, 613, 367, 423, 523, 312, 308, 415, 333
neu_theta_range: 1e-5, 0.1
neu_e_range: 0, 0.5
sel_m:  21178622 
sel_sfs: 24134, 2568, 4131, 2013, 1726, 2347, 1470, 1414, 2028, 870, 829, 902, 575, 727, 368, 377, 527, 295, 336, 498, 275, 276, 384, 238, 414, 228, 245, 338, 208, 282, 358, 228, 235, 350, 222, 231, 359, 298, 501, 452, 395, 647, 432, 388, 563, 348, 336, 494, 346
