model: neutralSNP_vs_selectedSNP
n:  50 
folded: false
r_range: 0.02, 50
neu_m:  5043172 
neu_sfs: 6063, 963, 1981, 1002, 893, 1168, 818, 810, 1197, 674, 580, 690, 423, 557, 307, 301, 460, 294, 262, 403, 257, 252, 362, 239, 363, 225, 251, 332, 199, 261, 363, 212, 277, 363, 245, 270, 388, 335, 511, 391, 364, 593, 381, 436, 546, 316, 308, 416, 324
neu_theta_range: 1e-5, 0.1
neu_e_range: 0, 0.5
sel_m:  21178622 
sel_sfs: 24012, 2605, 4083, 2069, 1763, 2356, 1547, 1414, 1905, 949, 809, 990, 527, 683, 368, 374, 531, 321, 354, 390, 265, 274, 421, 243, 405, 228, 240, 328, 240, 244, 336, 254, 228, 371, 246, 241, 382, 299, 514, 383, 426, 639, 407, 402, 576, 375, 342, 515, 332
