model: neutralSNP_vs_selectedSNP
n:  50 
folded: false
r_range: 0.02, 50
neu_m:  5043172 
neu_sfs: 6073, 956, 2001, 1019, 873, 1283, 816, 776, 1175, 659, 613, 706, 430, 577, 294, 297, 443, 297, 294, 377, 235, 260, 382, 231, 302, 237, 241, 331, 187, 214, 382, 215, 251, 348, 230, 247, 399, 333, 487, 331, 447, 610, 380, 404, 504, 336, 339, 469, 335
neu_theta_range: 1e-5, 0.1
neu_e_range: 0, 0.5
sel_m:  21178622 
sel_sfs: 23855, 2669, 4025, 2074, 1760, 2399, 1510, 1479, 2032, 881, 791, 1004, 550, 668, 359, 358, 548, 289, 355, 448, 267, 275, 424, 262, 413, 224, 241, 352, 245, 249, 361, 281, 268, 419, 215, 221, 384, 280, 508, 395, 407, 685, 403, 356, 527, 337, 309, 503, 341
