model: neutralSNP_vs_selectedSNP
n:  50 
folded: false
r_range: 0.02, 50
neu_m:  5043172 
neu_sfs: 6046, 941, 1963, 1030, 872, 1249, 820, 800, 1207, 652, 576, 721, 409, 606, 296, 304, 469, 282, 268, 351, 276, 261, 373, 258, 381, 203, 244, 363, 190, 228, 370, 217, 238, 342, 276, 282, 393, 333, 472, 362, 355, 657, 376, 395, 530, 307, 308, 450, 324
neu_theta_range: 1e-5, 0.1
neu_e_range: 0, 0.5
sel_m:  21178622 
sel_sfs: 23939, 2692, 4013, 2056, 1816, 2306, 1519, 1428, 1851, 881, 832, 980, 525, 702, 403, 368, 530, 299, 372, 478, 292, 223, 415, 276, 398, 230, 244, 325, 234, 258, 376, 289, 234, 402, 252, 235, 412, 256, 490, 398, 364, 697, 450, 405, 531, 346, 345, 511, 328
