model: neutralSNP_vs_selectedSNP
n:  50 
folded: false
r_range: 0.02, 50
neu_m:  5043172 
neu_sfs: 6075, 935, 1958, 1038, 897, 1189, 829, 815, 1144, 633, 584, 739, 416, 549, 289, 294, 496, 307, 283, 405, 230, 245, 350, 249, 358, 233, 262, 330, 178, 240, 384, 230, 244, 380, 244, 268, 362, 336, 536, 388, 438, 584, 373, 384, 523, 344, 299, 415, 344
neu_theta_range: 1e-5, 0.1
neu_e_range: 0, 0.5
sel_m:  21178622 
sel_sfs: 24102, 2707, 4049, 2012, 1773, 2339, 1455, 1430, 1954, 860, 808, 1010, 527, 657, 404, 366, 520, 325, 384, 467, 295, 282, 409, 217, 385, 278, 240, 339, 227, 269, 331, 250, 207, 379, 222, 228, 379, 286, 493, 368, 396, 676, 425, 406, 582, 379, 338, 469, 302
