model: neutralSNP_vs_selectedSNP
n:  50 
folded: false
r_range: 0.02, 50
neu_m:  5043172 
neu_sfs: 5890, 955, 1917, 1012, 895, 1227, 907, 818, 1195, 642, 597, 692, 402, 594, 306, 359, 521, 274, 292, 358, 285, 266, 389, 251, 335, 226, 245, 329, 218, 229, 354, 182, 232, 377, 248, 276, 369, 315, 525, 381, 392, 634, 358, 403, 512, 316, 291, 460, 375
neu_theta_range: 1e-5, 0.1
neu_e_range: 0, 0.5
sel_m:  21178622 
sel_sfs: 23991, 2576, 4116, 2121, 1747, 2324, 1420, 1461, 1979, 881, 817, 958, 509, 689, 394, 344, 532, 294, 326, 493, 272, 242, 385, 259, 389, 252, 234, 341, 253, 288, 366, 268, 215, 349, 247, 247, 383, 325, 516, 394, 384, 688, 436, 382, 590, 324, 386, 484, 335
