model: neutralSNP_vs_selectedSNP
n:  50 
folded: false
r_range: 0.02, 50
neu_m:  5043172 
neu_sfs: 6137, 981, 2009, 1020, 907, 1261, 890, 808, 1196, 611, 556, 666, 393, 588, 301, 285, 464, 266, 288, 359, 245, 290, 407, 242, 383, 234, 265, 344, 213, 197, 357, 234, 239, 346, 214, 273, 396, 330, 520, 344, 398, 607, 340, 398, 480, 307, 287, 419, 331
neu_theta_range: 1e-5, 0.1
neu_e_range: 0, 0.5
sel_m:  21178622 
sel_sfs: 24092, 2712, 4035, 2049, 1719, 2374, 1527, 1475, 1974, 898, 842, 910, 525, 708, 367, 356, 481, 305, 373, 443, 301, 269, 414, 251, 416, 219, 225, 359, 233, 248, 362, 240, 222, 350, 223, 257, 361, 259, 506, 413, 396, 688, 416, 394, 534, 335, 371, 453, 326
