model: neutralSNP_vs_selectedSNP
n:  50 
folded: false
r_range: 0.02, 50
neu_m:  5043172 
neu_sfs: 6018, 1002, 2040, 1073, 871, 1178, 793, 768, 1149, 665, 579, 723, 436, 522, 303, 320, 447, 296, 292, 390, 264, 260, 384, 211, 383, 230, 252, 324, 211, 217, 345, 203, 224, 308, 218, 312, 409, 349, 533, 391, 417, 654, 341, 406, 485, 310, 341, 452, 327
neu_theta_range: 1e-5, 0.1
neu_e_range: 0, 0.5
sel_m:  21178622 
sel_sfs: 24021, 2687, 4094, 1999, 1676, 2314, 1477, 1548, 1939, 865, 841, 953, 545, 676, 396, 344, 538, 320, 352, 466, 272, 247, 403, 267, 391, 224, 254, 316, 213, 273, 352, 265, 243, 371, 225, 224, 351, 277, 488, 418, 431, 697, 441, 409, 587, 333, 364, 492, 327
