model: neutralSNP_vs_selectedSNP
n:  50 
folded: false
r_range: 0.02, 50
neu_m:  5043172 
neu_sfs: 5961, 1018, 1975, 1014, 938, 1270, 809, 796, 1213, 672, 560, 709, 411, 550, 320, 294, 455, 284, 278, 346, 236, 241, 350, 239, 377, 250, 236, 333, 225, 225, 353, 245, 210, 388, 279, 238, 386, 317, 535, 337, 403, 611, 413, 406, 507, 328, 314, 454, 317
neu_theta_range: 1e-5, 0.1
neu_e_range: 0, 0.5
sel_m:  21178622 
sel_sfs: 23844, 2640, 4144, 1970, 1686, 2350, 1414, 1436, 1999, 910, 818, 978, 559, 721, 379, 331, 539, 339, 355, 466, 303, 271, 412, 257, 406, 249, 248, 335, 255, 259, 359, 254, 246, 392, 213, 236, 377, 283, 547, 368, 430, 676, 419, 376, 583, 330, 366, 510, 368
