model: neutralSNP_vs_selectedSNP
n:  50 
folded: false
r_range: 0.02, 50
neu_m:  5043172 
neu_sfs: 5947, 938, 2012, 1045, 877, 1216, 825, 800, 1164, 674, 599, 713, 403, 567, 303, 303, 446, 274, 301, 411, 249, 273, 378, 244, 401, 249, 245, 323, 207, 215, 396, 224, 256, 307, 277, 252, 391, 329, 532, 370, 425, 631, 328, 434, 478, 295, 308, 468, 323
neu_theta_range: 1e-5, 0.1
neu_e_range: 0, 0.5
sel_m:  21178622 
sel_sfs: 23907, 2616, 4142, 1892, 1782, 2382, 1528, 1409, 1949, 936, 855, 973, 562, 732, 402, 358, 552, 283, 323, 463, 267, 272, 399, 275, 407, 253, 243, 341, 218, 249, 363, 261, 234, 355, 246, 248, 372, 260, 489, 364, 392, 679, 451, 406, 606, 335, 342, 484, 349
