model: neutralSNP_vs_selectedSNP
n:  50 
folded: false
r_range: 0.02, 50
neu_m:  5043172 
neu_sfs: 5928, 990, 2013, 1027, 910, 1264, 853, 777, 1128, 694, 590, 748, 425, 550, 281, 305, 499, 287, 277, 412, 289, 261, 367, 266, 353, 253, 253, 299, 209, 219, 363, 240, 250, 346, 242, 281, 358, 335, 511, 342, 367, 614, 337, 400, 529, 298, 306, 436, 344
neu_theta_range: 1e-5, 0.1
neu_e_range: 0, 0.5
sel_m:  21178622 
sel_sfs: 23913, 2575, 4151, 2036, 1706, 2330, 1501, 1418, 1985, 911, 841, 954, 577, 649, 368, 336, 556, 336, 349, 459, 260, 276, 407, 248, 390, 260, 236, 318, 250, 270, 374, 255, 243, 386, 209, 236, 388, 279, 467, 385, 418, 661, 475, 373, 573, 367, 332, 545, 374
