model: neutralSNP_vs_selectedSNP
n:  50 
folded: false
r_range: 0.02, 50
neu_m:  5043172 
neu_sfs: 6082, 975, 1996, 1017, 849, 1283, 836, 828, 1204, 648, 609, 727, 415, 503, 298, 302, 446, 273, 298, 401, 243, 260, 406, 222, 338, 231, 253, 376, 190, 206, 365, 216, 221, 361, 275, 250, 365, 335, 507, 346, 346, 667, 372, 382, 528, 326, 321, 408, 320
neu_theta_range: 1e-5, 0.1
neu_e_range: 0, 0.5
sel_m:  21178622 
sel_sfs: 24102, 2624, 4114, 2060, 1757, 2338, 1472, 1415, 1981, 869, 817, 955, 536, 693, 370, 340, 547, 300, 338, 457, 269, 263, 405, 257, 411, 226, 259, 308, 240, 265, 367, 259, 226, 382, 236, 245, 400, 268, 520, 361, 415, 693, 406, 395, 538, 361, 334, 487, 325
