model: neutralSNP_vs_selectedSNP
n:  50 
folded: false
r_range: 0.02, 50
neu_m:  4981473 
neu_sfs: 14834, 6184, 15273, 10324, 11755, 5809, 4781, 5827, 3188, 4009, 2112, 2036, 2513, 1611, 2160, 1391, 1255, 1727, 1093, 1465, 890, 944, 1313, 836, 1164, 819, 749, 1133, 762, 1038, 654, 685, 1127, 733, 1037, 659, 737, 1041, 707, 1191, 766, 769, 1234, 963, 1473, 1099, 1256, 1917, 1742
neu_theta_range: 1e-5, 0.1
neu_e_range: 0, 0.5
sel_m:  20955569 
sel_sfs: 45911, 8634, 18260, 11381, 11958, 5868, 4708, 5914, 3013, 3826, 2107, 1887, 2398, 1438, 1914, 1184, 1132, 1591, 938, 1335, 885, 781, 1120, 761, 1006, 673, 659, 969, 722, 1020, 633, 650, 997, 668, 992, 611, 642, 958, 678, 1038, 666, 753, 1161, 867, 1330, 1069, 1116, 1807, 1602
