model: neutralSNP_vs_selectedSNP
n:  50 
folded: false
r_range: 0.02, 50
neu_m:  4981473 
neu_sfs: 14825, 5920, 15489, 10319, 11672, 5874, 4734, 5940, 3341, 3916, 2079, 1981, 2652, 1611, 2245, 1338, 1207, 1685, 1000, 1491, 898, 994, 1299, 799, 1148, 806, 727, 1099, 810, 1076, 683, 684, 1102, 697, 1000, 619, 669, 1106, 703, 1098, 771, 825, 1313, 959, 1473, 1174, 1255, 1949, 1730
neu_theta_range: 1e-5, 0.1
neu_e_range: 0, 0.5
sel_m:  20955569 
sel_sfs: 45924, 8681, 18133, 11399, 12222, 5954, 4729, 5612, 3092, 3882, 2099, 1931, 2338, 1383, 1895, 1191, 1106, 1613, 980, 1319, 843, 821, 1116, 826, 1006, 651, 635, 1016, 677, 1009, 601, 650, 979, 602, 963, 622, 607, 918, 681, 1067, 684, 698, 1197, 902, 1387, 1035, 1136, 1811, 1608
