model: neutralSNP_vs_selectedSNP
n:  50 
folded: false
r_range: 0.02, 50
neu_m:  4981473 
neu_sfs: 14929, 6144, 15371, 10335, 11733, 5742, 4796, 5813, 3180, 3998, 2169, 1964, 2525, 1544, 2185, 1424, 1230, 1752, 994, 1519, 906, 910, 1286, 839, 1133, 754, 765, 1113, 827, 1107, 700, 670, 1067, 736, 1032, 704, 659, 1123, 716, 1148, 764, 792, 1298, 964, 1416, 1151, 1229, 1942, 1687
neu_theta_range: 1e-5, 0.1
neu_e_range: 0, 0.5
sel_m:  20955569 
sel_sfs: 46374, 8569, 17919, 11545, 11989, 5915, 4669, 5720, 3052, 3920, 2119, 1867, 2372, 1503, 1837, 1134, 1121, 1607, 978, 1293, 823, 781, 1075, 800, 1033, 681, 647, 960, 688, 1023, 610, 618, 928, 604, 851, 594, 640, 1015, 693, 1055, 680, 737, 1176, 910, 1399, 1073, 1142, 1835, 1657
