model: neutralSNP_vs_selectedSNP
n:  50 
folded: false
r_range: 0.02, 50
neu_m:  4981473 
neu_sfs: 14815, 6067, 15646, 10302, 11711, 5691, 4664, 5838, 3323, 3968, 2130, 2094, 2602, 1563, 2146, 1378, 1181, 1781, 1010, 1469, 948, 904, 1210, 732, 1140, 811, 759, 1099, 734, 1027, 668, 688, 1073, 700, 994, 696, 678, 1069, 727, 1135, 811, 876, 1266, 1036, 1513, 1151, 1289, 1933, 1739
neu_theta_range: 1e-5, 0.1
neu_e_range: 0, 0.5
sel_m:  20955569 
sel_sfs: 45812, 8805, 18411, 11282, 11961, 6135, 4605, 5725, 2932, 3852, 2075, 1967, 2347, 1460, 1931, 1208, 1135, 1599, 937, 1338, 777, 810, 1106, 800, 1020, 663, 666, 985, 750, 1017, 615, 634, 968, 676, 878, 647, 667, 931, 666, 1037, 714, 687, 1161, 905, 1290, 1092, 1158, 1828, 1566
