model: neutralSNP_vs_selectedSNP
n:  50 
folded: false
r_range: 0.02, 50
neu_m:  4981473 
neu_sfs: 14872, 6009, 15256, 10360, 11759, 5652, 4731, 5753, 3201, 4079, 2129, 1972, 2566, 1638, 2261, 1324, 1248, 1763, 1101, 1449, 893, 908, 1246, 830, 1198, 785, 791, 1071, 724, 1071, 660, 714, 1084, 715, 1017, 663, 670, 1110, 715, 1176, 816, 821, 1269, 996, 1555, 1158, 1250, 1924, 1832
neu_theta_range: 1e-5, 0.1
neu_e_range: 0, 0.5
sel_m:  20955569 
sel_sfs: 45890, 8548, 18184, 11530, 11977, 5927, 4819, 5809, 3020, 3800, 2056, 1883, 2432, 1450, 1925, 1149, 1095, 1533, 1016, 1386, 876, 805, 1057, 729, 995, 680, 705, 993, 674, 1001, 609, 656, 963, 626, 953, 624, 633, 920, 691, 1110, 686, 701, 1185, 937, 1298, 1089, 1147, 1906, 1553
