model: neutralSNP_vs_selectedSNP
n:  50 
folded: false
r_range: 0.02, 50
neu_m:  4981473 
neu_sfs: 15111, 6014, 15381, 10312, 11655, 5808, 4751, 5776, 3244, 3929, 2203, 2021, 2503, 1594, 2133, 1408, 1236, 1732, 1064, 1467, 945, 971, 1281, 829, 1157, 846, 750, 995, 791, 1073, 630, 686, 1011, 699, 1021, 688, 649, 1072, 673, 1147, 812, 864, 1237, 986, 1481, 1195, 1259, 1904, 1791
neu_theta_range: 1e-5, 0.1
neu_e_range: 0, 0.5
sel_m:  20955569 
sel_sfs: 45724, 8779, 18373, 11568, 12039, 5866, 4730, 5869, 3001, 3894, 2069, 1874, 2410, 1355, 1895, 1157, 1104, 1527, 991, 1326, 791, 850, 1108, 756, 1011, 680, 659, 976, 656, 1032, 613, 677, 1014, 642, 935, 604, 618, 974, 670, 1044, 742, 656, 1159, 943, 1331, 1006, 1118, 1806, 1609
