model: neutralSNP_vs_selectedSNP
n:  50 
folded: false
r_range: 0.02, 50
neu_m:  4981473 
neu_sfs: 14981, 6049, 15528, 10339, 11457, 5747, 4700, 5910, 3394, 4018, 2057, 1973, 2668, 1571, 2098, 1388, 1199, 1729, 1066, 1405, 926, 944, 1217, 866, 1140, 856, 789, 1028, 700, 1055, 665, 648, 1052, 689, 1016, 695, 715, 1052, 732, 1152, 830, 810, 1276, 975, 1461, 1117, 1276, 2027, 1799
neu_theta_range: 1e-5, 0.1
neu_e_range: 0, 0.5
sel_m:  20955569 
sel_sfs: 45907, 8647, 18257, 11539, 12063, 6045, 4715, 5728, 2990, 3835, 2070, 1929, 2370, 1413, 1962, 1215, 1105, 1597, 984, 1280, 759, 765, 1134, 751, 1005, 629, 660, 1009, 716, 1010, 563, 617, 1025, 614, 955, 608, 595, 1012, 707, 1026, 688, 709, 1135, 915, 1393, 1104, 1122, 1784, 1570
