model: neutralSNP_vs_selectedSNP
n:  50 
folded: false
r_range: 0.02, 50
neu_m:  5043172 
neu_sfs: 4495, 298, 894, 1018, 924, 1292, 810, 776, 1199, 650, 629, 693, 422, 551, 321, 303, 472, 279, 322, 405, 273, 243, 390, 258, 365, 262, 247, 310, 194, 225, 361, 218, 240, 377, 268, 265, 391, 330, 500, 383, 399, 591, 359, 394, 514, 263, 316, 395, 221
neu_theta_range: 1e-5, 0.1
neu_e_range: 0, 0.5
sel_m:  21178622 
sel_sfs: 17987, 800, 1987, 1903, 1833, 2326, 1453, 1446, 1961, 914, 781, 976, 554, 701, 423, 373, 515, 309, 369, 476, 298, 279, 392, 275, 355, 253, 241, 343, 209, 268, 375, 258, 220, 395, 221, 208, 391, 310, 506, 410, 382, 719, 468, 367, 536, 323, 328, 458, 212
