model: neutralSNP_vs_selectedSNP
n:  50 
folded: false
r_range: 0.02, 50
neu_m:  5043172 
neu_sfs: 4493, 315, 964, 995, 908, 1225, 794, 826, 1176, 693, 630, 695, 418, 521, 286, 316, 515, 279, 300, 399, 268, 238, 405, 238, 353, 232, 258, 334, 199, 252, 337, 208, 235, 366, 262, 237, 390, 344, 513, 391, 413, 625, 357, 403, 524, 279, 303, 372, 221
neu_theta_range: 1e-5, 0.1
neu_e_range: 0, 0.5
sel_m:  21178622 
sel_sfs: 17985, 792, 1941, 1933, 1798, 2385, 1528, 1369, 1952, 879, 762, 998, 571, 743, 389, 364, 524, 334, 339, 458, 284, 288, 404, 263, 377, 245, 267, 334, 238, 241, 342, 250, 212, 395, 237, 260, 388, 296, 489, 397, 412, 656, 441, 403, 537, 370, 340, 459, 218
