model: neutralSNP_vs_selectedSNP
n:  50 
folded: false
r_range: 0.02, 50
neu_m:  5043172 
neu_sfs: 4499, 318, 904, 978, 933, 1259, 806, 822, 1172, 695, 587, 758, 425, 540, 287, 333, 456, 299, 284, 379, 255, 257, 383, 232, 363, 220, 259, 316, 207, 235, 354, 246, 258, 351, 208, 284, 373, 329, 561, 368, 414, 630, 368, 375, 513, 316, 286, 382, 228
neu_theta_range: 1e-5, 0.1
neu_e_range: 0, 0.5
sel_m:  21178622 
sel_sfs: 18165, 817, 1865, 1948, 1720, 2340, 1437, 1417, 2029, 895, 825, 931, 532, 717, 367, 341, 514, 320, 311, 469, 265, 273, 409, 283, 408, 220, 264, 329, 263, 265, 339, 257, 226, 391, 254, 218, 422, 276, 512, 393, 401, 671, 444, 403, 586, 332, 314, 499, 210
