model: neutralSNP_vs_selectedSNP
n:  50 
folded: false
r_range: 0.02, 50
neu_m:  5043172 
neu_sfs: 4496, 300, 975, 988, 926, 1209, 820, 837, 1164, 688, 603, 703, 409, 533, 299, 326, 517, 279, 277, 391, 259, 253, 361, 247, 333, 225, 266, 328, 190, 206, 387, 252, 238, 344, 269, 257, 408, 359, 505, 344, 417, 606, 354, 420, 512, 320, 309, 398, 198
neu_theta_range: 1e-5, 0.1
neu_e_range: 0, 0.5
sel_m:  21178622 
sel_sfs: 18016, 795, 1922, 1923, 1845, 2267, 1465, 1390, 1938, 925, 837, 947, 549, 730, 427, 369, 561, 301, 378, 475, 294, 257, 435, 257, 392, 223, 268, 338, 230, 233, 326, 266, 253, 405, 237, 247, 386, 266, 512, 399, 413, 672, 445, 382, 518, 332, 354, 486, 201
