model: neutralSNP_vs_selectedSNP
n:  50 
folded: false
r_range: 0.02, 50
neu_m:  5043172 
neu_sfs: 4530, 316, 956, 985, 902, 1227, 795, 811, 1157, 629, 575, 664, 433, 553, 289, 295, 496, 312, 302, 397, 246, 251, 388, 229, 351, 223, 253, 333, 184, 236, 375, 220, 226, 367, 262, 267, 425, 335, 526, 370, 367, 633, 397, 397, 537, 323, 340, 420, 200
neu_theta_range: 1e-5, 0.1
neu_e_range: 0, 0.5
sel_m:  21178622 
sel_sfs: 18195, 787, 1884, 1928, 1739, 2355, 1528, 1485, 1936, 914, 837, 974, 565, 709, 400, 330, 561, 273, 370, 482, 305, 270, 396, 254, 344, 250, 255, 322, 235, 260, 368, 252, 240, 345, 247, 243, 346, 267, 475, 378, 403, 686, 433, 397, 543, 326, 350, 425, 220
