model: neutralSNP_vs_selectedSNP
n:  50 
folded: false
r_range: 0.02, 50
neu_m:  5043172 
neu_sfs: 4551, 287, 919, 967, 917, 1252, 853, 825, 1077, 671, 603, 698, 460, 594, 317, 294, 489, 300, 292, 367, 268, 250, 373, 254, 328, 224, 259, 339, 195, 199, 374, 216, 226, 349, 273, 290, 404, 331, 517, 350, 389, 626, 390, 368, 520, 328, 315, 399, 218
neu_theta_range: 1e-5, 0.1
neu_e_range: 0, 0.5
sel_m:  21178622 
sel_sfs: 18064, 855, 1945, 1903, 1767, 2328, 1576, 1447, 1924, 918, 834, 942, 528, 661, 377, 321, 549, 286, 360, 515, 271, 265, 408, 268, 403, 224, 235, 368, 246, 263, 354, 272, 219, 360, 236, 215, 383, 296, 542, 359, 406, 645, 423, 386, 578, 313, 362, 453, 234
