model: neutralSNP_vs_selectedSNP
n:  50 
folded: false
r_range: 0.02, 50
neu_m:  5043172 
neu_sfs: 4636, 279, 923, 999, 937, 1277, 849, 798, 1141, 684, 614, 724, 416, 549, 274, 308, 482, 307, 301, 417, 250, 229, 370, 226, 333, 243, 253, 326, 207, 233, 366, 227, 272, 353, 216, 274, 362, 299, 532, 356, 387, 631, 373, 392, 446, 311, 331, 376, 216
neu_theta_range: 1e-5, 0.1
neu_e_range: 0, 0.5
sel_m:  21178622 
sel_sfs: 17935, 835, 1907, 1856, 1754, 2343, 1513, 1455, 2052, 914, 890, 987, 576, 739, 415, 357, 517, 291, 331, 447, 286, 268, 407, 245, 393, 234, 240, 329, 242, 287, 372, 244, 231, 358, 264, 231, 345, 267, 531, 382, 403, 687, 408, 381, 565, 338, 353, 472, 210
