model: neutralSNP_vs_selectedSNP
n:  50 
folded: false
r_range: 0.02, 50
neu_m:  5043172 
neu_sfs: 4517, 293, 938, 979, 914, 1274, 818, 815, 1164, 677, 563, 714, 450, 540, 324, 317, 514, 300, 287, 384, 249, 239, 368, 246, 330, 243, 252, 349, 213, 211, 380, 226, 243, 352, 267, 245, 403, 327, 567, 332, 351, 634, 379, 379, 486, 308, 338, 377, 229
neu_theta_range: 1e-5, 0.1
neu_e_range: 0, 0.5
sel_m:  21178622 
sel_sfs: 17806, 795, 1913, 1973, 1817, 2223, 1430, 1437, 2039, 911, 865, 939, 533, 703, 381, 348, 550, 334, 347, 497, 294, 306, 424, 289, 417, 220, 263, 331, 235, 260, 354, 264, 231, 393, 221, 243, 387, 297, 533, 365, 408, 672, 477, 368, 569, 355, 332, 488, 250
