model: neutralSNP_vs_selectedSNP
n:  50 
folded: false
r_range: 0.02, 50
neu_m:  5043172 
neu_sfs: 4542, 297, 933, 945, 909, 1239, 853, 803, 1186, 675, 554, 706, 434, 520, 309, 330, 501, 310, 290, 405, 252, 249, 383, 249, 337, 263, 267, 358, 201, 189, 367, 210, 262, 366, 245, 247, 398, 322, 511, 350, 397, 668, 356, 403, 473, 312, 327, 379, 223
neu_theta_range: 1e-5, 0.1
neu_e_range: 0, 0.5
sel_m:  21178622 
sel_sfs: 18041, 813, 1908, 1943, 1752, 2315, 1497, 1422, 1942, 923, 854, 998, 542, 647, 408, 351, 506, 332, 352, 453, 262, 294, 432, 267, 388, 214, 250, 357, 218, 255, 368, 296, 213, 379, 236, 237, 358, 311, 516, 399, 429, 666, 425, 415, 576, 319, 351, 427, 230
