model: neutralSNP_vs_selectedSNP
n:  50 
folded: false
r_range: 0.02, 50
neu_m:  5043172 
neu_sfs: 4575, 316, 931, 995, 892, 1254, 807, 777, 1138, 697, 602, 681, 428, 552, 294, 325, 480, 304, 276, 421, 272, 251, 393, 231, 346, 230, 224, 339, 216, 233, 345, 224, 252, 354, 263, 261, 380, 360, 551, 319, 405, 629, 365, 400, 472, 315, 337, 399, 194
neu_theta_range: 1e-5, 0.1
neu_e_range: 0, 0.5
sel_m:  21178622 
sel_sfs: 17935, 808, 1919, 1905, 1819, 2346, 1500, 1451, 1941, 915, 800, 998, 569, 741, 397, 384, 536, 319, 343, 425, 311, 284, 425, 249, 418, 197, 222, 369, 225, 247, 355, 264, 249, 396, 258, 252, 365, 286, 525, 434, 396, 670, 409, 367, 562, 358, 306, 445, 192
