model: neutralSNP_vs_selectedSNP
n:  50 
folded: false
r_range: 0.02, 50
neu_m:  5043172 
neu_sfs: 4499, 296, 889, 929, 916, 1254, 858, 807, 1174, 689, 593, 782, 398, 571, 308, 342, 502, 263, 291, 380, 238, 248, 373, 249, 358, 239, 256, 372, 191, 236, 365, 218, 222, 346, 240, 264, 413, 356, 508, 367, 389, 638, 377, 408, 444, 299, 312, 438, 200
neu_theta_range: 1e-5, 0.1
neu_e_range: 0, 0.5
sel_m:  21178622 
sel_sfs: 18049, 803, 1925, 1897, 1711, 2377, 1494, 1485, 1978, 882, 786, 975, 520, 721, 407, 365, 489, 306, 368, 454, 295, 310, 402, 262, 412, 227, 257, 344, 243, 262, 380, 236, 240, 369, 222, 252, 392, 283, 504, 383, 409, 629, 435, 377, 599, 358, 351, 441, 221
