model: neutralSNP_vs_selectedSNP
n:  50 
folded: false
r_range: 0.02, 50
neu_m:  5043172 
neu_sfs: 4493, 297, 977, 994, 899, 1205, 850, 844, 1178, 687, 561, 700, 399, 598, 308, 306, 500, 287, 273, 394, 269, 245, 374, 255, 337, 217, 266, 334, 198, 224, 371, 211, 249, 356, 240, 258, 408, 323, 522, 340, 414, 644, 346, 420, 517, 328, 303, 385, 201
neu_theta_range: 1e-5, 0.1
neu_e_range: 0, 0.5
sel_m:  21178622 
sel_sfs: 17883, 814, 1925, 1899, 1796, 2343, 1504, 1399, 1942, 901, 888, 1026, 531, 758, 395, 374, 546, 297, 353, 456, 284, 263, 405, 224, 380, 249, 257, 348, 236, 257, 400, 234, 229, 379, 221, 257, 350, 296, 511, 404, 392, 700, 460, 406, 562, 323, 343, 478, 209
