model: neutralSNP_vs_selectedSNP
n:  50 
folded: false
r_range: 0.02, 50
neu_m:  5043172 
neu_sfs: 4489, 283, 891, 935, 886, 1215, 857, 769, 1155, 633, 599, 694, 439, 556, 292, 246, 527, 300, 291, 393, 263, 264, 375, 278, 348, 231, 237, 359, 213, 245, 382, 243, 270, 330, 258, 263, 422, 335, 503, 332, 384, 672, 390, 392, 542, 343, 334, 435, 212
neu_theta_range: 1e-5, 0.1
neu_e_range: 0, 0.5
sel_m:  21178622 
sel_sfs: 18045, 824, 1974, 1921, 1830, 2363, 1468, 1497, 1953, 937, 830, 1009, 537, 668, 403, 355, 497, 329, 339, 451, 293, 268, 412, 270, 376, 228, 241, 356, 199, 276, 355, 263, 220, 391, 199, 228, 357, 223, 511, 352, 424, 682, 419, 398, 547, 339, 339, 462, 229
