model: neutralSNP_vs_selectedSNP
n:  50 
folded: false
r_range: 0.02, 50
neu_m:  5043172 
neu_sfs: 4434, 292, 962, 976, 911, 1201, 829, 785, 1194, 665, 624, 727, 415, 591, 277, 313, 476, 284, 274, 418, 252, 244, 395, 254, 352, 231, 275, 339, 214, 236, 387, 217, 190, 348, 240, 273, 366, 351, 539, 367, 401, 664, 369, 414, 488, 306, 334, 420, 191
neu_theta_range: 1e-5, 0.1
neu_e_range: 0, 0.5
sel_m:  21178622 
sel_sfs: 18046, 803, 1948, 1885, 1770, 2319, 1469, 1462, 2024, 914, 831, 954, 474, 723, 392, 374, 565, 301, 326, 443, 287, 287, 426, 269, 433, 254, 256, 334, 234, 265, 353, 249, 220, 378, 219, 232, 371, 264, 550, 381, 386, 669, 428, 398, 578, 346, 319, 467, 211
