model: neutralSNP_vs_selectedSNP
n:  50 
folded: false
r_range: 0.02, 50
neu_m:  5043172 
neu_sfs: 4526, 285, 955, 976, 938, 1279, 804, 799, 1165, 673, 572, 751, 431, 536, 309, 308, 502, 299, 291, 414, 281, 238, 350, 248, 321, 235, 239, 312, 213, 206, 381, 260, 262, 329, 225, 234, 372, 330, 563, 362, 363, 641, 390, 399, 521, 315, 305, 376, 221
neu_theta_range: 1e-5, 0.1
neu_e_range: 0, 0.5
sel_m:  21178622 
sel_sfs: 18119, 754, 1990, 1885, 1728, 2343, 1466, 1468, 1980, 924, 844, 1014, 509, 699, 377, 375, 519, 340, 334, 447, 321, 264, 396, 282, 389, 255, 234, 323, 210, 289, 392, 213, 252, 349, 252, 258, 397, 274, 477, 403, 413, 626, 414, 397, 582, 346, 315, 417, 232
