model: neutralSNP_vs_selectedSNP
n:  50 
folded: false
r_range: 0.02, 50
neu_m:  5043172 
neu_sfs: 4510, 290, 905, 975, 932, 1221, 841, 825, 1168, 677, 577, 705, 443, 527, 317, 333, 482, 285, 262, 375, 244, 244, 368, 269, 358, 234, 224, 359, 232, 242, 336, 220, 245, 355, 250, 266, 413, 311, 525, 344, 418, 587, 360, 433, 539, 346, 309, 404, 220
neu_theta_range: 1e-5, 0.1
neu_e_range: 0, 0.5
sel_m:  21178622 
sel_sfs: 17934, 801, 1916, 1904, 1725, 2316, 1496, 1450, 1958, 921, 837, 905, 574, 685, 379, 402, 549, 329, 348, 441, 271, 288, 414, 262, 405, 228, 267, 347, 227, 283, 384, 271, 224, 364, 258, 276, 389, 266, 499, 389, 428, 672, 467, 417, 558, 325, 314, 488, 236
