model: neutralSNP_vs_selectedSNP
n:  50 
folded: false
r_range: 0.02, 50
neu_m:  4067509 
neu_sfs: 5823, 2828, 3819, 1809, 1835, 2263, 1436, 1324, 1996, 1264, 1080, 1566, 929, 1300, 879, 882, 1251, 739, 813, 1079, 720, 666, 894, 667, 921, 658, 582, 871, 636, 591, 900, 523, 514, 807, 510, 555, 790, 541, 745, 487, 427, 734, 405, 439, 560, 409, 288, 563, 434
neu_theta_range: 1e-5, 0.1
neu_e_range: 0, 0.5
sel_m:  17164288 
sel_sfs: 22682, 6515, 5961, 2732, 2670, 3282, 1930, 1743, 2627, 1511, 1263, 1892, 1097, 1540, 1034, 887, 1393, 816, 756, 1156, 708, 753, 935, 675, 1002, 663, 645, 931, 643, 549, 927, 551, 512, 767, 489, 590, 739, 528, 748, 455, 498, 751, 468, 471, 611, 408, 342, 572, 398
