model: neutralSNP_vs_selectedSNP
n:  50 
folded: false
r_range: 0.02, 50
neu_m:  4067509 
neu_sfs: 5865, 2908, 3735, 1929, 1841, 2232, 1406, 1369, 2068, 1295, 1055, 1476, 972, 1386, 928, 848, 1207, 726, 794, 1008, 756, 645, 878, 644, 946, 619, 582, 863, 689, 567, 890, 525, 538, 824, 506, 460, 768, 537, 743, 464, 477, 691, 412, 405, 600, 420, 275, 553, 427
neu_theta_range: 1e-5, 0.1
neu_e_range: 0, 0.5
sel_m:  17164288 
sel_sfs: 22791, 6582, 5842, 2695, 2672, 3184, 1890, 1636, 2693, 1521, 1334, 1883, 1082, 1491, 1014, 912, 1288, 811, 802, 1162, 752, 767, 984, 658, 934, 648, 631, 914, 651, 545, 854, 587, 537, 877, 548, 549, 764, 497, 749, 495, 508, 735, 450, 476, 634, 422, 343, 616, 406
