model: neutralSNP_vs_selectedSNP
n:  50 
folded: false
r_range: 0.02, 50
neu_m:  4067509 
neu_sfs: 5747, 2842, 3745, 1930, 1835, 2265, 1382, 1335, 2050, 1204, 1095, 1576, 970, 1416, 891, 839, 1258, 773, 775, 1041, 657, 607, 856, 646, 898, 628, 567, 887, 703, 603, 894, 547, 594, 831, 523, 526, 781, 540, 705, 512, 453, 724, 406, 398, 587, 391, 290, 571, 458
neu_theta_range: 1e-5, 0.1
neu_e_range: 0, 0.5
sel_m:  17164288 
sel_sfs: 22476, 6469, 6009, 2728, 2706, 3270, 1928, 1790, 2680, 1537, 1292, 1909, 1057, 1477, 981, 871, 1308, 826, 807, 1171, 765, 721, 1018, 687, 966, 629, 653, 907, 617, 545, 946, 575, 538, 812, 535, 610, 722, 504, 696, 512, 528, 742, 469, 421, 669, 398, 335, 577, 427
