model: neutralSNP_vs_selectedSNP
n:  50 
folded: false
r_range: 0.02, 50
neu_m:  4067509 
neu_sfs: 5677, 2826, 3889, 1867, 1791, 2281, 1297, 1347, 2050, 1131, 1068, 1581, 946, 1461, 846, 848, 1179, 727, 744, 1074, 687, 656, 946, 693, 949, 696, 548, 879, 641, 605, 897, 556, 583, 886, 486, 517, 781, 552, 748, 511, 440, 728, 405, 404, 601, 417, 316, 556, 438
neu_theta_range: 1e-5, 0.1
neu_e_range: 0, 0.5
sel_m:  17164288 
sel_sfs: 22561, 6717, 5890, 2728, 2645, 3317, 1903, 1766, 2694, 1503, 1294, 1813, 1096, 1496, 937, 931, 1344, 823, 762, 1122, 759, 745, 1063, 662, 957, 590, 626, 942, 661, 591, 833, 582, 482, 816, 547, 566, 759, 537, 720, 484, 534, 685, 453, 474, 615, 386, 352, 656, 397
