model: neutralSNP_vs_selectedSNP
n:  50 
folded: false
r_range: 0.02, 50
neu_m:  4067509 
neu_sfs: 5643, 2854, 3825, 1821, 1715, 2311, 1414, 1340, 1962, 1263, 1102, 1594, 956, 1336, 930, 863, 1223, 807, 794, 1051, 686, 708, 967, 663, 960, 623, 565, 834, 641, 614, 918, 520, 577, 829, 487, 487, 754, 540, 743, 486, 491, 695, 400, 436, 597, 416, 286, 554, 471
neu_theta_range: 1e-5, 0.1
neu_e_range: 0, 0.5
sel_m:  17164288 
sel_sfs: 22434, 6602, 6025, 2750, 2627, 3212, 1912, 1822, 2603, 1586, 1268, 1849, 1093, 1590, 1014, 894, 1317, 851, 763, 1153, 721, 706, 980, 638, 950, 626, 688, 910, 645, 548, 849, 561, 559, 826, 567, 571, 785, 464, 692, 546, 531, 768, 422, 422, 654, 395, 374, 636, 417
