model: neutralSNP_vs_selectedSNP
n:  50 
folded: false
r_range: 0.02, 50
neu_m:  4067509 
neu_sfs: 5771, 2732, 3714, 1785, 1802, 2279, 1425, 1346, 1928, 1208, 1098, 1538, 930, 1314, 898, 877, 1206, 784, 830, 1065, 736, 680, 927, 654, 930, 644, 582, 891, 712, 591, 951, 508, 528, 803, 513, 560, 779, 566, 745, 496, 506, 726, 402, 397, 604, 385, 318, 620, 468
neu_theta_range: 1e-5, 0.1
neu_e_range: 0, 0.5
sel_m:  17164288 
sel_sfs: 22429, 6474, 6047, 2640, 2608, 3172, 1916, 1716, 2666, 1571, 1249, 1835, 1095, 1575, 1016, 933, 1371, 830, 737, 1137, 744, 699, 1035, 693, 982, 630, 641, 947, 666, 573, 900, 555, 587, 834, 556, 610, 746, 499, 731, 512, 526, 689, 463, 454, 710, 405, 386, 630, 396
