model: neutralSNP_vs_selectedSNP
n:  50 
folded: false
r_range: 0.02, 50
neu_m:  4067509 
neu_sfs: 5694, 2782, 3791, 1839, 1796, 2360, 1438, 1350, 1922, 1225, 1114, 1566, 949, 1347, 879, 866, 1250, 792, 756, 1050, 748, 652, 859, 667, 905, 626, 608, 892, 686, 576, 892, 545, 590, 926, 500, 542, 765, 537, 715, 474, 456, 711, 419, 436, 585, 397, 296, 545, 436
neu_theta_range: 1e-5, 0.1
neu_e_range: 0, 0.5
sel_m:  17164288 
sel_sfs: 22580, 6602, 5914, 2801, 2652, 3317, 1890, 1794, 2645, 1625, 1288, 1832, 1050, 1492, 992, 884, 1364, 821, 765, 1102, 793, 707, 997, 652, 936, 606, 685, 952, 663, 563, 836, 573, 559, 826, 516, 574, 806, 491, 681, 529, 512, 729, 467, 445, 635, 384, 331, 569, 389
