model: neutralSNP_vs_selectedSNP
n:  50 
folded: false
r_range: 0.02, 50
neu_m:  4067509 
neu_sfs: 5785, 2853, 3752, 1818, 1767, 2258, 1419, 1336, 2004, 1259, 1032, 1546, 959, 1372, 953, 842, 1188, 746, 798, 1051, 694, 633, 896, 659, 987, 656, 573, 827, 691, 610, 937, 540, 565, 841, 500, 493, 776, 569, 687, 508, 458, 722, 413, 430, 574, 419, 349, 565, 442
neu_theta_range: 1e-5, 0.1
neu_e_range: 0, 0.5
sel_m:  17164288 
sel_sfs: 22468, 6449, 5949, 2706, 2708, 3236, 1927, 1814, 2769, 1527, 1302, 1882, 1055, 1530, 971, 903, 1296, 842, 718, 1157, 747, 745, 1022, 676, 1005, 639, 696, 865, 620, 577, 895, 573, 514, 845, 536, 570, 780, 524, 717, 523, 479, 762, 414, 499, 618, 404, 367, 580, 415
