model: neutralSNP_vs_selectedSNP
n:  50 
folded: false
r_range: 0.02, 50
neu_m:  4067509 
neu_sfs: 5699, 2842, 3773, 1906, 1859, 2213, 1382, 1333, 1926, 1224, 1067, 1560, 933, 1367, 868, 869, 1186, 817, 789, 988, 705, 672, 930, 641, 914, 657, 597, 899, 652, 635, 943, 538, 513, 906, 506, 526, 779, 562, 718, 530, 458, 717, 419, 432, 608, 436, 310, 534, 414
neu_theta_range: 1e-5, 0.1
neu_e_range: 0, 0.5
sel_m:  17164288 
sel_sfs: 22454, 6573, 5923, 2642, 2702, 3289, 1951, 1669, 2695, 1516, 1328, 1872, 1112, 1528, 1017, 862, 1329, 819, 749, 1095, 735, 710, 990, 672, 989, 663, 629, 923, 616, 566, 931, 581, 543, 829, 531, 562, 731, 542, 769, 515, 521, 737, 490, 486, 633, 411, 343, 611, 432
