model: neutralSNP_vs_selectedSNP
n:  50 
folded: false
r_range: 0.02, 50
neu_m:  4067509 
neu_sfs: 5804, 2931, 3892, 1801, 1812, 2336, 1384, 1311, 1962, 1132, 1115, 1508, 971, 1377, 901, 836, 1172, 774, 812, 1052, 715, 640, 911, 674, 837, 655, 559, 860, 664, 569, 979, 537, 549, 863, 491, 504, 810, 545, 672, 454, 458, 703, 405, 407, 639, 442, 340, 542, 445
neu_theta_range: 1e-5, 0.1
neu_e_range: 0, 0.5
sel_m:  17164288 
sel_sfs: 22209, 6466, 5894, 2705, 2677, 3263, 1946, 1780, 2658, 1495, 1341, 1931, 1125, 1537, 1021, 890, 1323, 849, 802, 1203, 771, 744, 995, 667, 990, 672, 674, 901, 652, 559, 851, 595, 495, 826, 535, 601, 776, 515, 733, 507, 527, 684, 460, 502, 639, 425, 387, 601, 417
