model: neutralSNP_vs_selectedSNP
n:  50 
folded: false
r_range: 0.02, 50
neu_m:  4067509 
neu_sfs: 5764, 2862, 3781, 1871, 1872, 2256, 1411, 1395, 2006, 1275, 1066, 1523, 966, 1343, 912, 837, 1204, 737, 763, 1064, 711, 645, 885, 622, 900, 643, 622, 899, 657, 618, 857, 528, 527, 869, 497, 501, 755, 542, 717, 482, 539, 742, 371, 397, 601, 408, 325, 565, 419
neu_theta_range: 1e-5, 0.1
neu_e_range: 0, 0.5
sel_m:  17164288 
sel_sfs: 22423, 6422, 5986, 2680, 2657, 3330, 1844, 1720, 2632, 1562, 1282, 1901, 1089, 1492, 947, 897, 1307, 861, 782, 1181, 775, 723, 1020, 639, 970, 631, 649, 945, 690, 639, 872, 558, 570, 854, 504, 607, 775, 520, 736, 498, 531, 724, 458, 494, 607, 390, 325, 651, 466
