model: neutralSNP_vs_selectedSNP
n:  50 
folded: false
r_range: 0.02, 50
neu_m:  4067509 
neu_sfs: 5800, 2863, 3791, 1967, 1721, 2248, 1389, 1318, 1919, 1216, 1124, 1569, 965, 1334, 876, 849, 1200, 708, 787, 1054, 763, 645, 894, 679, 986, 684, 553, 860, 639, 581, 941, 524, 558, 910, 544, 484, 784, 540, 704, 507, 420, 774, 417, 402, 562, 390, 307, 568, 434
neu_theta_range: 1e-5, 0.1
neu_e_range: 0, 0.5
sel_m:  17164288 
sel_sfs: 22523, 6437, 5952, 2733, 2600, 3289, 1899, 1823, 2686, 1514, 1288, 1924, 1080, 1537, 1019, 888, 1313, 871, 747, 1159, 728, 709, 988, 673, 988, 657, 661, 936, 636, 578, 896, 598, 539, 819, 506, 578, 757, 510, 708, 506, 497, 751, 450, 468, 642, 399, 351, 582, 423
