model: neutralSNP_vs_selectedSNP
n:  50 
folded: false
r_range: 0.02, 50
neu_m:  4067509 
neu_sfs: 5664, 2742, 3769, 1900, 1784, 2278, 1426, 1330, 2014, 1268, 1113, 1559, 946, 1395, 903, 895, 1218, 721, 763, 1035, 741, 653, 911, 651, 983, 630, 573, 833, 651, 559, 964, 548, 551, 878, 513, 512, 756, 563, 721, 518, 439, 741, 385, 406, 607, 422, 345, 563, 412
neu_theta_range: 1e-5, 0.1
neu_e_range: 0, 0.5
sel_m:  17164288 
sel_sfs: 22560, 6475, 5916, 2629, 2719, 3227, 1868, 1754, 2731, 1542, 1343, 1895, 1129, 1533, 937, 900, 1301, 816, 779, 1130, 788, 761, 985, 681, 973, 621, 655, 947, 677, 559, 899, 589, 536, 801, 518, 581, 764, 492, 751, 507, 521, 729, 455, 493, 618, 366, 358, 604, 403
