model: neutralSNP_vs_selectedSNP
n:  50 
folded: false
r_range: 0.02, 50
neu_m:  4067509 
neu_sfs: 5755, 2801, 3719, 1867, 1747, 2342, 1467, 1312, 1921, 1168, 1121, 1562, 951, 1359, 907, 817, 1170, 769, 827, 1044, 687, 636, 945, 698, 925, 660, 611, 860, 691, 641, 880, 582, 530, 802, 556, 502, 744, 600, 781, 509, 492, 706, 409, 418, 602, 395, 319, 524, 421
neu_theta_range: 1e-5, 0.1
neu_e_range: 0, 0.5
sel_m:  17164288 
sel_sfs: 22446, 6593, 6007, 2726, 2683, 3322, 1954, 1817, 2537, 1596, 1262, 1866, 1107, 1648, 997, 883, 1246, 853, 779, 1175, 776, 748, 962, 651, 898, 647, 666, 957, 659, 524, 927, 541, 578, 799, 540, 567, 753, 506, 714, 480, 494, 718, 406, 460, 608, 373, 351, 603, 413
