model: neutralSNP_vs_selectedSNP
n:  50 
folded: false
r_range: 0.02, 50
neu_m:  4067509 
neu_sfs: 5798, 2806, 3844, 1840, 1758, 2314, 1355, 1303, 1908, 1146, 1128, 1603, 919, 1365, 828, 857, 1212, 695, 794, 1029, 678, 675, 946, 669, 901, 606, 630, 885, 704, 639, 930, 554, 574, 819, 502, 512, 815, 522, 744, 504, 514, 730, 421, 406, 622, 434, 303, 573, 438
neu_theta_range: 1e-5, 0.1
neu_e_range: 0, 0.5
sel_m:  17164288 
sel_sfs: 22357, 6513, 5969, 2679, 2690, 3301, 1981, 1798, 2631, 1566, 1257, 1880, 1117, 1535, 1014, 886, 1383, 871, 752, 1108, 748, 742, 1009, 685, 950, 625, 655, 909, 644, 629, 873, 595, 541, 867, 539, 555, 737, 505, 737, 508, 481, 765, 468, 415, 607, 404, 354, 587, 394
