Pos	Relaxed	Intensified_purify	NoChange	Pos_and_Relaxed	Pos_and_Intense	Pos_all	Relax_all	Intense_all
0	0.231905838330599	0	0.762033576907094	0.00606058476230772	0	0.00606058476230772	0.237966423092906	0
0	0.23039170143317	0	0.760152610643077	0.00945568792375236	0	0.00945568792375236	0.239847389356923	0
0	0.248033164597526	0	0.747609735402346	0.00435710000012805	0	0.00435710000012805	0.252390264597654	0
0	0.257944153683831	0	0.736268841045203	0.00578700527096564	0	0.00578700527096564	0.263731158954797	0
0	0.258832380951231	0	0.741167619048769	0	0	0	0.258832380951231	0
0	0.242981538890578	0	0.750684576420778	0.00633388468864423	0	0.00633388468864423	0.249315423579222	0
0	0.231287130768826	0	0.764665815347272	0.00404705388390232	0	0.00404705388390232	0.235334184652728	0
0	0.242685654944386	0	0.751532995435717	0.00578134961989684	0	0.00578134961989684	0.248467004564282	0
0	0.246691447276798	0	0.750988464700641	0.0023200880225604	0	0.0023200880225604	0.249011535299359	0
0	0.231752418904196	0	0.760568154734251	0.00767942636155354	0	0.00767942636155354	0.239431845265749	0
0	0.247496103347616	0	0.752264935319445	0	0.000238961332939407	0.000238961332939407	0.247496103347616	0.000238961332939407
0	0.252309335320966	0	0.739950422751012	0.00774024192802208	0	0.00774024192802208	0.260049577248988	0
0	0.243440054566155	0	0.745210969274916	0.0113489761589298	0	0.0113489761589298	0.254789030725084	0
0	0.243578468115436	0	0.751537581655095	0.00488395022946908	0	0.00488395022946908	0.248462418344905	0
0	0.236684594611496	0	0.749931231690677	0.0133841736978268	0	0.0133841736978268	0.250068768309323	0
0	0.245448989528651	0	0.754551010471349	0	0	0	0.245448989528651	0
0	0.248985363889998	0	0.75089832995076	0.000116306159241716	0	0.000116306159241716	0.24910167004924	0
0	0.248557189769439	0	0.745065303081794	0.00637750714876692	0	0.00637750714876692	0.254934696918206	0
0	0.245827986419262	0	0.748024851415594	0.00614716216514405	0	0.00614716216514405	0.251975148584406	0
0	0.235373600619055	0	0.751937982140076	0.0126884172408688	0	0.0126884172408688	0.248062017859924	0
0	0.24446279992807	0	0.747931469415449	0.0076057306564812	0	0.0076057306564812	0.252068530584551	0
0	0.224410666569165	0	0.767086887506219	0.0085024459246163	0	0.0085024459246163	0.232913112493781	0
0	0.236632816428791	0	0.755542519205866	0.00782466436534356	0	0.00782466436534356	0.244457480794134	0
0	0.238976508147873	0	0.749953285846847	0.0110702060052792	0	0.0110702060052792	0.250046714153153	0
0	0.249369861407209	0	0.737666554102026	0.0129635844907653	0	0.0129635844907653	0.262333445897974	0
0	0.232866183004267	0	0.763131776755188	0.00400204024054472	0	0.00400204024054472	0.236868223244812	0
0	0.237041716167275	0	0.754771195824533	0.00818708800819176	0	0.00818708800819176	0.245228804175467	0
0	0.256297124011494	0	0.743702875988506	0	0	0	0.256297124011494	0
0	0.238568244754588	0	0.754947353339577	0.00648440190583523	0	0.00648440190583523	0.245052646660423	0
0	0.226989771016708	0	0.762346901332434	0.0106633276508587	0	0.0106633276508587	0.237653098667566	0
0	0.246406872038918	0	0.746272804524996	0.00732032343608528	0	0.00732032343608528	0.253727195475004	0
0	0.237567427535928	0	0.752746450318217	0.00968612214585532	0	0.00968612214585532	0.247253549681783	0
0	0.240960178061575	0	0.747740030581059	0.0112997913573659	0	0.0112997913573659	0.252259969418941	0
0	0.23790897161698	0	0.755817888550799	0.00627313983222071	0	0.00627313983222071	0.244182111449201	0
0	0.255083152982108	0	0.738400609016088	0.00158892701363248	0.00492731098817125	0.00651623800180373	0.256672079995741	0.00492731098817125
0	0.231672924548563	0	0.756171736085435	0.0121553393660014	0	0.0121553393660014	0.243828263914565	0
0	0.235837841622776	0	0.757711144596481	0.00645101378074285	0	0.00645101378074285	0.242288855403519	0
0	0.238139769517867	0	0.74977228611218	0.012087944369953	0	0.012087944369953	0.25022771388782	0
0	0.253934638996278	0	0.746065361003722	0	0	0	0.253934638996278	0
0	0.253824486794521	0	0.742706972483653	0.00346854072182554	0	0.00346854072182554	0.257293027516347	0
0	0.254235489576777	0	0.745764510423223	0	0	0	0.254235489576777	0
0	0.237604903582081	0	0.752410342297372	0.00998475412054685	0	0.00998475412054685	0.247589657702628	0
0	0.24931834704853	0	0.749845997163555	0.000835655787915538	0	0.000835655787915538	0.250154002836445	0
0	0.234458637328086	0	0.754779779138021	0.0107615835338935	0	0.0107615835338935	0.24522022086198	0
0	0.239971715427898	0	0.757564461516444	0.00246382305565833	0	0.00246382305565833	0.242435538483556	0
0	0.25909434091024	0	0.738519591355129	0.00238606773463041	0	0.00238606773463041	0.261480408644871	0
0	0.235646152987997	0	0.746491760087609	0.00991889983821411	0.00794318708618048	0.0178620869243946	0.245565052826211	0.00794318708618048
0	0.24277747072736	0	0.751823003690923	0.00539952558171699	0	0.00539952558171699	0.248176996309077	0
0	0.235694066985356	0	0.758061163323418	0.00624476969122685	0	0.00624476969122685	0.241938836676582	0
0	0.241712992057525	0	0.755408390975938	0.00287861696653693	0	0.00287861696653693	0.244591609024062	0
0	0.244732908090846	0	0.754299539217245	0.000967552691909754	0	0.000967552691909754	0.245700460782755	0
0	0.247143484650205	0	0.750197550628297	0	0.00265896472149805	0.00265896472149805	0.247143484650205	0.00265896472149805
0	0.242280759588822	0	0.752259385227989	0.00545985518318902	0	0.00545985518318902	0.247740614772011	0
0	0.239681496481796	0	0.752699514864767	0.0076189886534374	0	0.0076189886534374	0.247300485135233	0
0	0.237984499279916	0	0.743812289618276	0.018203211101808	0	0.018203211101808	0.256187710381724	0
0	0.248121378428891	0	0.743705106231238	0.00817351533987129	0	0.00817351533987129	0.256294893768762	0
0	0.250166177475915	0	0.743350772737532	0.00648304978655322	0	0.00648304978655322	0.256649227262468	0
7.46506250760618e-06	0.246190439548597	0	0.745675539357893	0.00423472614857395	0.00389182988242804	0.0081340210935096	0.250425165697171	0.00389182988242804
0	0.231016579884997	0	0.760741899403472	0.00326452152986172	0.00497699918166876	0.00824152071153048	0.234281101414859	0.00497699918166876
0	0.235709850885037	0	0.75613998812618	0.00815016098878265	0	0.00815016098878265	0.24386001187382	0
0	0.239640692726808	0	0.760359307273192	0	0	0	0.239640692726808	0
0	0.239867877289332	0	0.7530428314859	0	0.00708929122476725	0.00708929122476725	0.239867877289332	0.00708929122476725
0	0.247898271231025	0	0.751092432445193	0.00100929632378152	0	0.00100929632378152	0.248907567554807	0
0	0.255958766210414	0	0.740815154352703	0.00322607943688305	0	0.00322607943688305	0.259184845647297	0
0	0.242893779312772	0	0.752804487501747	0.00229898172861725	0.00200275145686429	0.00430173318548155	0.245192761041389	0.00200275145686429
0	0.245311474033432	0	0.754688525966568	0	0	0	0.245311474033432	0
0	0.242323233579317	0	0.750124015467325	0.00755275095335792	0	0.00755275095335792	0.249875984532675	0
0	0.251541215826167	0	0.748458784173833	0	0	0	0.251541215826167	0
0	0.244935772084405	0	0.751765684727854	0.0032985431877404	0	0.0032985431877404	0.248234315272146	0
0	0.248988630937125	0	0.751011369062875	0	0	0	0.248988630937125	0
0	0.236305723143347	0	0.761306120088929	0.00238815676772398	0	0.00238815676772398	0.238693879911071	0
0	0.233034311134387	0	0.76135492955632	0.00561075930929261	0	0.00561075930929261	0.23864507044368	0
0	0.241143072917224	0	0.75207918918403	0.00677773789874663	0	0.00677773789874663	0.24792081081597	0
0	0.249923229052557	0	0.749573064983051	0.000503705964392424	0	0.000503705964392424	0.250426935016949	0
4.99485529336157e-05	0.240867837565215	0	0.75891079007394	0	0.000171423807911611	0.000221372360845227	0.240867837565215	0.000171423807911611
0	0.233083809194197	0	0.757462431890407	0.00945375891539634	0	0.00945375891539634	0.242537568109593	0
0	0.233795209687214	0	0.756051370614681	0.0101534196981049	0	0.0101534196981049	0.243948629385319	0
0	0.242711105365708	0	0.755578208171291	0.00171068646300162	0	0.00171068646300162	0.244421791828709	0
0	0.245294784978901	0	0.754705215021099	0	0	0	0.245294784978901	0
0	0.270386326070609	0	0.729613673929391	0	0	0	0.270386326070609	0
0	0.240862557464957	0	0.754426883980482	0.00471055855456127	0	0.00471055855456127	0.245573116019518	0
0	0.238865202084729	0	0.758507111762457	0.00262768615281351	0	0.00262768615281351	0.241492888237542	0
0	0.234574857202054	0	0.759886901857525	0.0055382409404207	0	0.0055382409404207	0.240113098142475	0
0	0.246948084617908	0	0.751581656419881	0.00147025896221108	0	0.00147025896221108	0.248418343580119	0
0	0.239521479580747	0	0.753489529635351	0.0069889907839014	0	0.0069889907839014	0.246510470364649	0
0	0.22697385528978	0	0.768794241070757	0.00423190363946332	0	0.00423190363946332	0.231205758929243	0
0	0.245998502330141	0	0.751695348788449	0.00230614888140952	0	0.00230614888140952	0.248304651211551	0
0	0.237336622781368	0	0.757673538746476	0.00498983847215567	0	0.00498983847215567	0.242326461253524	0
0	0.253630320690499	0	0.738826355895695	0.00120764608522654	0.00633567732857956	0.0075433234138061	0.254837966775726	0.00633567732857956
0	0.252033796574882	0	0.74385838687853	0.00410781654658786	0	0.00410781654658786	0.25614161312147	0
0	0.242789659142607	0	0.746872285121002	0.0103380557363907	0	0.0103380557363907	0.253127714878998	0
0	0.244980100033502	0	0.754693953193425	0.000325946773072939	0	0.000325946773072939	0.245306046806575	0
0	0.244339362140442	0	0.750061950779932	0.00559868707962642	0	0.00559868707962642	0.249938049220068	0
0	0.247340160335275	0	0.748213579145223	0.00444626051950126	0	0.00444626051950126	0.251786420854777	0
0	0.239869053992868	0	0.753887099227241	0.00624384677989133	0	0.00624384677989133	0.24611290077276	0
0	0.254534860360658	0	0.740535521070584	0.00492961856875878	0	0.00492961856875878	0.259464478929416	0
0	0.24421823025968	0	0.747808306666794	0.00797346307352523	0	0.00797346307352523	0.252191693333206	0
0	0.245747938599939	0	0.754252061400061	0	0	0	0.245747938599939	0
0	0.230021750769743	0	0.757129922789653	0.0128483264406041	0	0.0128483264406041	0.242870077210347	0
0	0.242915056272698	0	0.753545826672473	0.0035391170548288	0	0.0035391170548288	0.246454173327527	0
0	0.251405011621148	0	0.745033249467829	0.00356173891102313	0	0.00356173891102313	0.254966750532171	0
0	0.246840867879492	0	0.747861189234169	0.00529794288633864	0	0.00529794288633864	0.252138810765831	0
0	0.251608088659033	0	0.740474750017818	0.00791716132314853	0	0.00791716132314853	0.259525249982182	0
0	0.255064674874719	0	0.743522790838617	0.00141253428666433	0	0.00141253428666433	0.256477209161383	0
0	0.243813931219548	0	0.750697732386722	0	0.00548833639373016	0.00548833639373016	0.243813931219548	0.00548833639373016
0	0.253374218152931	0	0.738794175708354	0	0.00783160613871503	0.00783160613871503	0.253374218152931	0.00783160613871503
0	0.245210087466164	0	0.747116600422817	0.00767331211101897	0	0.00767331211101897	0.252883399577183	0
0	0.25141710553904	0	0.740686164690926	0.00789672977003362	0	0.00789672977003362	0.259313835309074	0
0	0.238996152545326	0	0.748252146610808	0.0127517008438655	0	0.0127517008438655	0.251747853389192	0
0	0.232723871940241	0	0.760657754511278	0.00661837354848167	0	0.00661837354848167	0.239342245488722	0
0	0.230266670779964	0	0.765345989036289	0.0043873401837463	0	0.0043873401837463	0.234654010963711	0
0	0.246918402068081	0	0.747098586902737	0.00598301102918193	0	0.00598301102918193	0.252901413097262	0
0	0.246025552888252	0	0.7458223462535	0.00815210085824851	0	0.00815210085824851	0.2541776537465	0
0	0.240559931161585	0	0.757189227582692	0.00225084125572277	0	0.00225084125572277	0.242810772417308	0
0	0.238063540142239	0	0.755860985030283	0.00607547482747797	0	0.00607547482747797	0.244139014969717	0
0	0.25196321222923	0	0.747508408893059	0.000528378877710771	0	0.000528378877710771	0.252491591106941	0
0	0.247403670243473	0	0.744744127221394	0.00785220253513368	0	0.00785220253513368	0.255255872778606	0
0	0.242471008924776	0	0.757528991075224	0	0	0	0.242471008924776	0
0	0.25328781225075	0	0.742551523494193	0.0041606642550575	0	0.0041606642550575	0.257448476505807	0
0	0.24639847932771	0	0.75015914601751	0.00344237465477974	0	0.00344237465477974	0.24984085398249	0
0	0.229819031980201	0	0.764123706774128	0.00605726124567105	0	0.00605726124567105	0.235876293225872	0
0	0.247577790529892	0	0.752422209470108	0	0	0	0.247577790529892	0
0	0.232236217581064	0	0.757766379080231	0.00999740333870416	0	0.00999740333870416	0.242233620919769	0
0	0.235613714211385	0	0.756248964184922	0.00813732160369315	0	0.00813732160369315	0.243751035815078	0
0	0.262712592831959	0	0.737287407168041	0	0	0	0.262712592831959	0
0	0.251475554268791	0	0.746387955850889	0.00213648988032051	0	0.00213648988032051	0.253612044149111	0
0	0.244982729740852	0	0.751456389805483	0.00356088045366432	0	0.00356088045366432	0.248543610194517	0
0	0.251664669440371	0	0.748335330559629	0	0	0	0.251664669440371	0
0	0.227125913117053	0	0.760980333665407	0.0118937532175403	0	0.0118937532175403	0.239019666334593	0
0	0.252024875807618	0	0.733406362117325	0	0.0145687620750579	0.0145687620750579	0.252024875807618	0.0145687620750579
0	0.243502447361065	0	0.756497552638935	0	0	0	0.243502447361065	0
0	0.263795353981621	0	0.732402570096904	0.00380207592147486	0	0.00380207592147486	0.267597429903096	0
0	0.238102964301254	0	0.748511350038944	0.0133856856598017	0	0.0133856856598017	0.251488649961056	0
0	0.24187540572599	0	0.75423742670345	0.00388716757055976	0	0.00388716757055976	0.24576257329655	0
0	0.226205284488545	0	0.766299721521853	0.00749499398960221	0	0.00749499398960221	0.233700278478147	0
0	0.231562358365528	0	0.759194887167194	0.00924275446727844	0	0.00924275446727844	0.240805112832806	0
0	0.249399209082065	0	0.747017886424967	0.00358290449296794	0	0.00358290449296794	0.252982113575033	0
0	0.238064397722662	0	0.755398651458781	0.00653695081855696	0	0.00653695081855696	0.244601348541219	0
0.000304863534192048	0.243951719682361	0	0.748008966287767	0.00415251765197358	0.00358193284370688	0.0080393140298725	0.248104237334334	0.00358193284370688
0	0.227420852702391	0	0.761401018592822	0.0111781287047871	0	0.0111781287047871	0.238598981407178	0
0	0.250382599563603	0	0.746138180256359	0.00347922018003763	0	0.00347922018003763	0.253861819743641	0
0	0.239532904655212	0	0.754032568161159	0.0064345271836293	0	0.0064345271836293	0.245967431838841	0
0	0.267048309350608	0	0.732951690649392	0	0	0	0.267048309350608	0
0	0.252683927864835	0	0.745030242202345	0.00228582993282059	0	0.00228582993282059	0.254969757797655	0
0	0.237374547496752	0	0.75672081358965	0.00590463891359776	0	0.00590463891359776	0.24327918641035	0
0	0.24555922440054	0	0.743272881380619	0.010058684215807	0.00110921000303411	0.0111678942188411	0.255617908616347	0.00110921000303411
0	0.246763283409612	0	0.749438549206026	0.00379816738436201	0	0.00379816738436201	0.250561450793974	0
0	0.240015490641959	0	0.750048767869486	0.00993574148855518	0	0.00993574148855518	0.249951232130514	0
0	0.251675959579534	0	0.740944833726772	0.00737920669369431	0	0.00737920669369431	0.259055166273228	0
0	0.249659896173313	0	0.750340103826687	0	0	0	0.249659896173313	0
0	0.247186383723012	0	0.747123200530991	0.0056904157459971	0	0.0056904157459971	0.252876799469009	0
0	0.244194154001628	0	0.751417932527402	0.0043879134709706	0	0.0043879134709706	0.248582067472598	0
0	0.24904487210753	0	0.750656289151263	0.000298838741207494	0	0.000298838741207494	0.249343710848737	0
0	0.249879368875768	0	0.744039202791137	0.00608142833309482	0	0.00608142833309482	0.255960797208863	0
0	0.243948690092153	0	0.751592200405748	0.00445910950209876	0	0.00445910950209876	0.248407799594252	0
0	0.251996473443849	0	0.740903475137632	0.00710005141851935	0	0.00710005141851935	0.259096524862368	0
0	0.250035010625428	0	0.746227220397225	0.0037377689773467	0	0.0037377689773467	0.253772779602775	0
0	0.235089409046974	0	0.764770049516001	0.000140541437024318	0	0.000140541437024318	0.235229950483999	0
0	0.23351389475497	0	0.758587099633788	0.00175327509089285	0.00614573052034947	0.00789900561124233	0.235267169845862	0.00614573052034947
0	0.232054667422262	0	0.752550188806369	0.0153951437713688	0	0.0153951437713688	0.247449811193631	0
0	0.248744172243268	0	0.74930466671332	0.00195116104341258	0	0.00195116104341258	0.25069533328668	0
0	0.24632174325984	0	0.746113074722512	0	0.00756518201764736	0.00756518201764736	0.24632174325984	0.00756518201764736
0	0.236550712959039	0	0.758099123631376	0.00535016340958544	0	0.00535016340958544	0.241900876368624	0
0	0.249715229092459	0	0.747761259146908	0.00252351176063283	0	0.00252351176063283	0.252238740853092	0
0	0.241288362014532	0	0.749013664828268	0.00969797315719972	0	0.00969797315719972	0.250986335171732	0
0	0.2470636958941	0	0.748789036162676	0.0041472679432241	0	0.0041472679432241	0.251210963837324	0
0	0.255525660325415	0	0.738226150188904	0.00624818948568071	0	0.00624818948568071	0.261773849811096	0
0	0.248241398578254	0	0.747714890616121	0.000828243474656414	0.00321546733096903	0.00404371080562544	0.24906964205291	0.00321546733096903
0	0.254534891699168	0	0.738657403013394	0.00680770528743862	0	0.00680770528743862	0.261342596986606	0
0	0.239794438100243	0	0.755208522613923	0.00499703928583399	0	0.00499703928583399	0.244791477386077	0
0	0.246807648801263	0	0.748159517962165	0.00503283323657181	0	0.00503283323657181	0.251840482037835	0
0	0.249873696453345	0	0.74564244990089	0.00208199379287593	0.00240185985288909	0.00448385364576502	0.251955690246221	0.00240185985288909
0	0.242744125935974	0	0.755254830281359	0.00200104378266673	0	0.00200104378266673	0.244745169718641	0
0	0.236077322525815	0	0.752092047149209	0.0118306303249763	0	0.0118306303249763	0.247907952850791	0
0	0.249863001197719	0	0.750136998802281	0	0	0	0.249863001197719	0
0	0.241612413655977	0	0.753913164580266	0.00447442176375682	0	0.00447442176375682	0.246086835419733	0
0	0.254911180025725	0	0.736424947349971	0.0086638726243043	0	0.0086638726243043	0.263575052650029	0
0	0.243729844126946	0	0.748119541471848	0.0081506144012058	0	0.0081506144012058	0.251880458528152	0
0	0.235259911192176	0	0.755742130357006	0.00899795845081787	0	0.00899795845081787	0.244257869642994	0
0	0.258506629961401	0	0.740444372744861	0.00104899729373851	0	0.00104899729373851	0.259555627255139	0
0	0.23884649893077	0	0.754585024850716	0.00656847621851356	0	0.00656847621851356	0.245414975149284	0
0	0.239931631579107	0	0.754760121633565	0	0.00530824678732743	0.00530824678732743	0.239931631579107	0.00530824678732743
0	0.235393445880154	0	0.752618517356031	0.0119880367638149	0	0.0119880367638149	0.247381482643969	0
0	0.244974976888547	0	0.750971543960008	0.0040534791514455	0	0.0040534791514455	0.249028456039993	0
0	0.248079556676326	0	0.749052367187869	0.00286807613580444	0	0.00286807613580444	0.250947632812131	0
0	0.237675575713683	0	0.753819428654146	0.00850499563217111	0	0.00850499563217111	0.246180571345854	0
0	0.240334104746605	0	0.750868536811506	0.00879735844188879	0	0.00879735844188879	0.249131463188494	0
0.00169992401087461	0.25328692599433	0	0.743431536972944	0.000310211272724856	0.00127140174912676	0.00328153703272623	0.253597137267054	0.00127140174912676
0	0.245997281776117	0	0.753518453894001	0.000484264329882092	0	0.000484264329882092	0.246481546105999	0
0	0.236141860908049	0	0.754924046698657	0.00893409239329312	0	0.00893409239329312	0.245075953301343	0
0	0.238910439578106	0	0.754176774838628	0.006912785583266	0	0.006912785583266	0.245823225161372	0
0	0.239662910842301	0	0.758648923512347	0.00168816564535194	0	0.00168816564535194	0.241351076487653	0
0	0.254574613507062	0	0.742796532549871	0.00262885394306755	0	0.00262885394306755	0.257203467450129	0
0	0.250133741689886	0	0.749866258310114	0	0	0	0.250133741689886	0
0	0.224734426106916	0	0.769709917521769	0.00555565637131477	0	0.00555565637131477	0.230290082478231	0
0	0.238639024017429	0	0.752047059431215	0.00931391655135567	0	0.00931391655135567	0.247952940568785	0
0	0.232949919424102	0	0.757502829418023	0.00954725115787448	0	0.00954725115787448	0.242497170581977	0
0	0.241209998973765	0	0.756361014890838	0.00242898613539655	0	0.00242898613539655	0.243638985109162	0
0	0.232887692255692	0	0.755741185329153	0.0113711224151554	0	0.0113711224151554	0.244258814670847	0
0	0.24833799342716	0	0.74523549438544	0.00642651218740045	0	0.00642651218740045	0.25476450561456	0
0	0.233804680675196	0	0.755158105084408	0.0110372142403953	0	0.0110372142403953	0.244841894915592	0
0	0.256842911575373	0	0.739539899376239	0.00361718904838842	0	0.00361718904838842	0.260460100623761	0
0	0.246391275850446	0	0.753608724149554	0	0	0	0.246391275850446	0
0	0.251267049714861	0	0.741600209681768	0.0071327406033711	0	0.0071327406033711	0.258399790318232	0
0	0.233874299656821	0	0.755861805056999	0.0102638952861792	0	0.0102638952861792	0.244138194943001	0
0	0.243659950857342	0	0.756340049142658	0	0	0	0.243659950857342	0
0	0.228708642331933	0	0.762483589723018	0.00880776794504858	0	0.00880776794504858	0.237516410276982	0
0	0.244887143991634	0	0.749094471824925	0.00601838418344094	0	0.00601838418344094	0.250905528175075	0
0	0.232117329266934	0	0.757094343359506	0.0107883273735601	0	0.0107883273735601	0.242905656640494	0
0	0.24546359760607	0	0.749598274570673	0.00493812782325707	0	0.00493812782325707	0.250401725429327	0
0	0.248818795031751	0	0.751181204968249	0	0	0	0.248818795031751	0
0	0.242010144487636	0	0.747511826291342	0.0104780292210218	0	0.0104780292210218	0.252488173708658	0
0	0.242234572002822	0	0.74647899391373	0.0112864340834481	0	0.0112864340834481	0.25352100608627	0
0	0.241348723383409	0	0.753683176378226	0.00496810023836479	0	0.00496810023836479	0.246316823621774	0
0	0.247526300122657	0	0.750012607607531	0.00246109226981205	0	0.00246109226981205	0.249987392392469	0
0	0.24362340214401	0	0.755823346851922	0.000553251004068421	0	0.000553251004068421	0.244176653148078	0
0	0.231203060963123	0	0.758604380940294	0.00809626632909265	0.00209629176749045	0.0101925580965831	0.239299327292216	0.00209629176749045
0	0.242010225590016	0	0.757492117097616	0.000497657312368279	0	0.000497657312368279	0.242507882902384	0
0	0.254415117742042	0	0.743429561815345	0.00215532044261307	0	0.00215532044261307	0.256570438184655	0
0	0.245417321755042	0	0.751597979698463	0.00298469854649469	0	0.00298469854649469	0.248402020301537	0
0	0.242714750122205	0	0.754556431006122	0.00272881887167235	0	0.00272881887167235	0.245443568993878	0
0	0.234185614885671	0	0.761299806510844	0.00451457860348436	0	0.00451457860348436	0.238700193489156	0
0	0.250456907235938	0	0.749543092764062	0	0	0	0.250456907235938	0
0	0.235484748101066	0	0.761264240061572	0.00325101183736198	0	0.00325101183736198	0.238735759938428	0
0	0.246524240321898	0	0.750880087767376	0.00259567191072557	0	0.00259567191072557	0.249119912232624	0
0	0.243686743371793	0	0.750135443510619	0.0061778131175884	0	0.0061778131175884	0.249864556489381	0
0	0.236579787090766	0	0.755933250750244	0.00748696215899032	0	0.00748696215899032	0.244066749249756	0
0	0.253722204201663	0	0.746277795798337	0	0	0	0.253722204201663	0
0	0.236671184967786	0	0.753576208028239	0.00975260700397503	0	0.00975260700397503	0.246423791971761	0
0	0.237985476921105	0	0.757949796585762	0.00406472649313258	0	0.00406472649313258	0.242050203414238	0
0	0.237049503814228	0	0.756232473819233	0.00671802236653864	0	0.00671802236653864	0.243767526180767	0
0	0.261429430135683	0	0.738570569864317	0	0	0	0.261429430135683	0
0	0.231873003067735	0	0.768126996932265	0	0	0	0.231873003067735	0
0	0.228198562463632	0	0.755456421963314	0.0163450155730538	0	0.0163450155730538	0.244543578036686	0
0	0.260413208411933	0	0.736587127343224	0.0029996642448433	0	0.0029996642448433	0.263412872656776	0
0	0.245570516071822	0	0.750166498688116	0.0042629852400616	0	0.0042629852400616	0.249833501311884	0
0	0.248967764682283	0	0.74865661565003	0.00237561966768732	0	0.00237561966768732	0.25134338434997	0
0	0.235968728705205	0	0.754872500465883	0.00915877082891286	0	0.00915877082891286	0.245127499534118	0
0	0.220938474137967	0	0.762249755526659	0.0168117703353739	0	0.0168117703353739	0.237750244473341	0
0	0.260926872731118	0	0.739073127268882	0	0	0	0.260926872731118	0
0	0.245616633306467	0	0.752634549642847	0.00174881705068569	0	0.00174881705068569	0.247365450357153	0
0	0.240353565769222	0	0.753630455910561	0.00601597832021697	0	0.00601597832021697	0.246369544089439	0
0	0.25196530100279	0	0.74803469899721	0	0	0	0.25196530100279	0
0	0.225142720007155	0	0.762790959592146	0.0120663204006989	0	0.0120663204006989	0.237209040407854	0
0	0.242681063281451	0	0.748201705089437	0.00911723162911211	0	0.00911723162911211	0.251798294910563	0
0	0.244397408756502	0	0.75152457542602	0.00407801581747879	0	0.00407801581747879	0.24847542457398	0
0	0.227619200025151	0	0.760549189974499	0.0118316100003494	0	0.0118316100003494	0.239450810025501	0
0	0.231684864870588	0	0.762660362053388	0.00565477307602369	0	0.00565477307602369	0.237339637946612	0
0	0.242167374505277	0	0.752667520968417	0.00516510452630573	0	0.00516510452630573	0.247332479031583	0
0	0.25254606784361	0	0.745743055310223	0	0.00171087684616696	0.00171087684616696	0.25254606784361	0.00171087684616696
0	0.248735548870386	0	0.747819584280703	0.00344486684891024	0	0.00344486684891024	0.252180415719297	0
0	0.248797517326367	0	0.750252220829056	0.000950261844577172	0	0.000950261844577172	0.249747779170944	0
0	0.248994701187606	0	0.751005298812394	0	0	0	0.248994701187606	0
0	0.243293256075938	0	0.746741145242343	0.00996559868171955	0	0.00996559868171955	0.253258854757657	0
0	0.248725084995364	0	0.746179420212817	0.00509549479181969	0	0.00509549479181969	0.253820579787183	0
1.60915901701223e-05	0.231056537817367	0	0.759332610748233	0.0089233200837357	0.000671439760494319	0.00961085143440014	0.239979857901103	0.000671439760494319
0	0.232172359770246	0	0.758993190844573	0.00883444938518042	0	0.00883444938518042	0.241006809155427	0
0	0.229938690522803	0	0.757551218991626	0.0125100904855703	0	0.0125100904855703	0.242448781008373	0
0	0.23668761995324	0	0.75801946097536	0.00529291907140051	0	0.00529291907140051	0.24198053902464	0
0	0.244311830337014	0	0.750765944439142	0.00492222522384391	0	0.00492222522384391	0.249234055560858	0
0	0.242207700987237	0	0.755221329279038	0.00257096973372567	0	0.00257096973372567	0.244778670720962	0
0	0.247727260671366	0	0.749979690154954	0	0.00229304917367949	0.00229304917367949	0.247727260671366	0.00229304917367949
0	0.23904728815654	0	0.758943857862787	0.00200885398067307	0	0.00200885398067307	0.241056142137213	0
0	0.244574646869823	0	0.746356628592937	0.00690559784424195	0.00216312669299789	0.00906872453723984	0.251480244714065	0.00216312669299789
0	0.232394271394454	0	0.760461403471942	0.00714432513360332	0	0.00714432513360332	0.239538596528058	0
0	0.245259803110761	0	0.749632981737475	0.0051072151517641	0	0.0051072151517641	0.250367018262525	0
0	0.250615350709635	0	0.743166107496294	0	0.00621854179407192	0.00621854179407192	0.250615350709635	0.00621854179407192
0	0.24823564215312	0	0.741250666411235	0.010513691435645	0	0.010513691435645	0.258749333588765	0
0	0.24301402906243	0	0.749712708073876	0.00727326286369395	0	0.00727326286369395	0.250287291926124	0
0	0.236845271666339	0	0.760702747514428	0.00245198081923347	0	0.00245198081923347	0.239297252485572	0
0	0.249290121900012	-1.35505099378262e-17	0.746529607834237	0.00418027026575077	0	0.00418027026575077	0.253470392165763	-1.35505099378262e-17
0	0.246250495690893	0	0.750388368469865	0.00336113583924266	0	0.00336113583924266	0.249611631530135	0
0	0.238567313974355	0	0.754390738454218	0.00704194757142693	0	0.00704194757142693	0.245609261545782	0
0	0.24738614508012	0	0.75261385491988	0	0	0	0.24738614508012	0
0	0.238950844242609	0	0.755067013185288	0.00598214257210291	0	0.00598214257210291	0.244932986814712	0
0	0.231887580731659	0	0.761468759790836	0.00664365947750546	0	0.00664365947750546	0.238531240209164	0
0	0.244966480605383	0	0.744604395243018	0.0061758570975156	0.00425326705408377	0.0104291241515994	0.251142337702899	0.00425326705408377
0	0.228372586708745	0	0.763531205846664	0.00809620744459085	0	0.00809620744459085	0.236468794153336	0
0	0.251187433454529	0	0.748812566545471	0	0	0	0.251187433454529	0
0	0.222377027317723	0	0.76341405595566	0.0142089167266171	0	0.0142089167266171	0.23658594404434	0
0	0.246030948723329	0	0.750746304221719	0.00322274705495189	0	0.00322274705495189	0.249253695778281	0
0	0.24094841326017	0	0.751633735132316	0.00741785160751421	0	0.00741785160751421	0.248366264867684	0
0	0.242509469827714	0	0.751218004549688	0.00627252562259816	0	0.00627252562259816	0.248781995450312	0
0	0.247942490485144	0	0.750964596423179	0.00109291309167762	0	0.00109291309167762	0.249035403576821	0
0	0.245509741579292	0	0.749783382547511	0.00470687587319656	0	0.00470687587319656	0.250216617452489	0
0	0.252564448829066	0	0.747435551170934	0	0	0	0.252564448829066	0
0	0.25041422919004	0	0.744972891747411	0.0046128790625492	0	0.0046128790625492	0.25502710825259	0
0	0.24700730103444	0	0.747061976468211	0.00593072249734901	0	0.00593072249734901	0.252938023531789	0
0	0.246656440778477	0	0.743645043164137	0.00969851605738625	0	0.00969851605738625	0.256354956835863	0
0	0.244774499433726	0	0.748254790952391	0.00697070961388333	0	0.00697070961388333	0.251745209047609	0
0	0.246197923672182	0	0.753802076327818	0	0	0	0.246197923672182	0
0	0.242354238562668	0	0.755295730656518	0.00235003078081412	0	0.00235003078081412	0.244704269343482	0
0	0.241384469222644	0	0.752922844982011	0.00569268579534446	0	0.00569268579534446	0.247077155017989	0
0	0.246545389806611	0	0.742667634071286	0.010786976122103	0	0.010786976122103	0.257332365928714	0
0	0.250357723977598	0	0.741985022663973	0.00242171064096759	0.00523554271746144	0.00765725335842903	0.252779434618566	0.00523554271746144
0	0.235990342975251	0	0.757948927712972	0.00606072931177776	0	0.00606072931177776	0.242051072287028	0
0	0.253199624475802	0	0.741690886751816	0.00510948877238165	0	0.00510948877238165	0.258309113248184	0
0	0.242574679628288	0	0.750209356901052	0.00721596347066059	0	0.00721596347066059	0.249790643098948	0
0	0.248004731239561	0	0.751555896446867	0.000439372313572754	0	0.000439372313572754	0.248444103553133	0
0	0.248630431133582	0	0.751368270907369	0	1.29795904897905e-06	1.29795904897905e-06	0.248630431133582	1.29795904897905e-06
0	0.232281150927406	0	0.75561254612342	0.0121063029491742	0	0.0121063029491742	0.24438745387658	0
0	0.229593682051994	0	0.756022593001743	0.0143837249462628	0	0.0143837249462628	0.243977406998257	0
0	0.250786462183938	0	0.7485516827903	0	0.000661855025762553	0.000661855025762553	0.250786462183938	0.000661855025762553
0	0.259346350747947	0	0.738003114046977	0.0026505352050754	0	0.0026505352050754	0.261996885953023	0
0	0.235924413917135	0	0.755139627480074	0.00893595860279123	0	0.00893595860279123	0.244860372519926	0
0	0.242289907548447	0	0.747582349811757	0.0101277426397958	0	0.0101277426397958	0.252417650188243	0
0	0.244888801457686	0	0.748579079234025	0.00653211930828885	0	0.00653211930828885	0.251420920765975	0
0	0.258251841918919	0	0.740465341440687	0.00128281664039402	0	0.00128281664039402	0.259534658559313	0
0	0.245941324505405	0	0.744368962492421	0.00968971300217385	0	0.00968971300217385	0.255631037507579	0
0	0.238883549678101	0	0.749546685661927	0.011569764659972	0	0.011569764659972	0.250453314338073	0
0	0.246126979701223	0	0.752474563357203	0.00139845694157443	0	0.00139845694157443	0.247525436642797	0
0	0.241357674784681	0	0.75061164226791	0.00803068294740874	0	0.00803068294740874	0.24938835773209	0
0	0.24381662348928	0	0.751044666778707	0.00513870973201396	0	0.00513870973201396	0.248955333221294	0
0	0.244477839026925	0	0.74805800778761	0.00746415318546499	0	0.00746415318546499	0.25194199221239	0
0	0.256189092320377	0	0.74291659393319	0.000894313746432995	0	0.000894313746432995	0.25708340606681	0
0	0.246058838315617	0	0.751557693509299	0.00238346817508346	0	0.00238346817508346	0.248442306490701	0
0	0.228217563926607	0	0.766361256350626	0.00542117972276765	0	0.00542117972276765	0.233638743649374	0
0	0.248515629403738	0	0.749105058910586	0.00237931168567674	0	0.00237931168567674	0.250894941089414	0
0	0.246919247823651	0	0.745940197461135	0.00714055471521382	0	0.00714055471521382	0.254059802538865	0
0	0.233636679689751	0	0.75951946695233	0.00684385335791911	0	0.00684385335791911	0.24048053304767	0
0	0.249231514822248	0	0.750768485177752	0	0	0	0.249231514822248	0
0	0.238142623342355	0	0.755194122386218	0.00666325427142653	0	0.00666325427142653	0.244805877613782	0
0	0.227975783147497	0	0.764128168141965	0.0078960487105379	0	0.0078960487105379	0.235871831858035	0
0	0.24550432592404	0	0.751977552123084	0.00251812195287596	0	0.00251812195287596	0.248022447876916	0
0	0.237285545991862	0	0.758775642948115	0.00393881106002308	0	0.00393881106002308	0.241224357051885	0
0	0.246388353099397	0	0.746318151766721	0.0072934951338824	0	0.0072934951338824	0.253681848233279	0
0	0.252161730074615	0	0.74211890978642	0	0.00571936013896478	0.00571936013896478	0.252161730074615	0.00571936013896478
0	0.239573452092513	0	0.752229322486325	0.00819722542116171	0	0.00819722542116171	0.247770677513675	0
0	0.230395452162041	0	0.757843326515118	0.0117612213228415	0	0.0117612213228415	0.242156673484882	0
0	0.2284467803147	0	0.757169132557074	0.014384087128226	0	0.014384087128226	0.242830867442926	0
0	0.247679870254356	0	0.743050085660182	0	0.00927004408546243	0.00927004408546243	0.247679870254356	0.00927004408546243
0	0.242617620357305	0	0.750679383538058	0.00670299610463763	0	0.00670299610463763	0.249320616461942	0
0	0.232596015866643	0	0.757685393977282	0.00971859015607547	0	0.00971859015607547	0.242314606022718	0
0	0.23348582113768	0	0.755215853774887	0.0112983250874331	0	0.0112983250874331	0.244784146225113	0
0	0.248529094954785	0	0.748756461745346	0.00271444329986887	0	0.00271444329986887	0.251243538254654	0
0	0.252123006382697	0	0.74393292612386	0.00394406749344334	0	0.00394406749344334	0.25606707387614	0
0	0.237711238528336	0	0.760651473352857	0.00163728811880693	0	0.00163728811880693	0.239348526647143	0
0	0.235021675632843	0	0.759760364635966	0.0052179597311913	0	0.0052179597311913	0.240239635364034	0
0	0.253385232336053	0	0.746614767663947	0	0	0	0.253385232336053	0
0	0.240130413419475	0	0.752563206510492	0.00730638007003333	0	0.00730638007003333	0.247436793489508	0
0	0.248633188519021	0	0.751366811480979	0	0	0	0.248633188519021	0
0	0.242612603182043	0	0.756304628997024	0.00108276782093293	0	0.00108276782093293	0.243695371002976	0
0	0.253125115501468	0	0.74255806142651	0.00431682307202146	0	0.00431682307202146	0.25744193857349	0
0	0.239400378859187	0	0.753937012826153	0.0066626083146602	0	0.0066626083146602	0.246062987173847	0
0	0.245289692896413	0	0.7505011087049	0.00420919839868613	0	0.00420919839868613	0.2494988912951	0
0	0.222843834155571	0	0.766091425197571	0.0110647406468579	0	0.0110647406468579	0.233908574802429	0
0	0.240999236803846	0	0.756321066887569	0.00267969630858481	0	0.00267969630858481	0.243678933112431	0
0	0.250317805044829	0	0.748647152139628	0.00103504281554253	0	0.00103504281554253	0.251352847860372	0
0	0.233176022865341	0	0.755982914368563	0.0108410627660961	0	0.0108410627660961	0.244017085631437	0
0	0.242633484881823	0	0.752435034748771	0.00493148036940559	0	0.00493148036940559	0.247564965251229	0
0	0.239739648226568	0	0.752220039253002	0.00804031252043065	0	0.00804031252043065	0.247779960746998	0
0	0.246391762736116	0	0.752809627313712	0.00079860995017195	0	0.00079860995017195	0.247190372686288	0
0	0.243931306271794	0	0.752029951483585	0.00403874224462065	0	0.00403874224462065	0.247970048516415	0
0	0.264296292500182	0	0.732649557565781	0.00305414993403655	0	0.00305414993403655	0.267350442434219	0
0	0.237004948472231	0	0.753206732935441	0.00978831859232815	0	0.00978831859232815	0.246793267064559	0
0	0.251995326006634	0	0.745806970520659	0.0021977034727069	0	0.0021977034727069	0.254193029479341	0
0	0.233259675649899	0	0.762159328934084	0.00458099541601627	0	0.00458099541601627	0.237840671065916	0
0	0.249658306833826	0	0.750341693166174	0	0	0	0.249658306833826	0
0	0.235202377822718	0	0.758690882866014	0.00610673931126827	0	0.00610673931126827	0.241309117133986	0
0	0.230151166923411	0	0.760185481178549	0.00966335189803993	0	0.00966335189803993	0.239814518821451	0
0	0.24413216507507	0	0.75586783492493	0	0	0	0.24413216507507	0
0	0.242921230842961	0	0.749440328377303	0.00763844077973574	0	0.00763844077973574	0.250559671622697	0
0	0.235171434148887	0	0.755493661829809	0.00933490402130378	0	0.00933490402130378	0.244506338170191	0
0	0.232643744000183	0	0.757279165847944	0.0100770901518728	0	0.0100770901518728	0.242720834152056	0
0	0.229644274940553	0	0.75758936538951	0.0127663596699374	0	0.0127663596699374	0.24241063461049	0
0	0.24983529209708	0	0.744368901237837	0.00579580666508218	0	0.00579580666508218	0.255631098762162	0
0	0.253878624601259	0	0.739196957078673	0.00692441832006889	0	0.00692441832006889	0.260803042921327	0
0	0.237672973673235	0	0.751732292456775	0.0105947338699908	0	0.0105947338699908	0.248267707543225	0
0	0.228567935622808	0	0.762313194489041	0.00911886988815124	0	0.00911886988815124	0.237686805510959	0
0	0.246188162046816	0	0.752804860592049	0	0.00100697736113512	0.00100697736113512	0.246188162046816	0.00100697736113512
0	0.24268479015454	0	0.750112778848181	0.00720243099727904	0	0.00720243099727904	0.249887221151819	0
0	0.245011976527736	0	0.747407053845017	0.00758096962724757	0	0.00758096962724757	0.252592946154983	0
0	0.243101726499442	0	0.747251379177166	0.0096468943233915	0	0.0096468943233915	0.252748620822834	0
0	0.246283761169652	0	0.752128813151009	0.00158742567933859	0	0.00158742567933859	0.247871186848991	0
0	0.253091235546435	0	0.735266826806143	0.0116419376474226	0	0.0116419376474226	0.264733173193858	0
0	0.247651118409981	0	0.750584221596882	0.00176465999313707	0	0.00176465999313707	0.249415778403118	0
0	0.24947294267045	0	0.75052705732955	0	0	0	0.24947294267045	0
0	0.23502077828186	0	0.761467511229576	0.00351171048856459	0	0.00351171048856459	0.238532488770424	0
0	0.256439546759791	0	0.740509701843818	0.00305075139639078	0	0.00305075139639078	0.259490298156182	0
0	0.236496696223226	0	0.751653700843224	0.0118496029335496	0	0.0118496029335496	0.248346299156776	0
0	0.238773959235741	0	0.755176843913011	0.00604919685124769	0	0.00604919685124769	0.244823156086989	0
0	0.246192052591179	0	0.746186110363384	0.00762183704543671	0	0.00762183704543671	0.253813889636616	0
0	0.267160187673687	0	0.73081188268403	0.00202792964228361	0	0.00202792964228361	0.26918811731597	0
0	0.245277653209914	0	0.749175161189179	0.00554718560090725	0	0.00554718560090725	0.250824838810821	0
0	0.229776022680691	0	0.761429583347211	0.00879439397209764	0	0.00879439397209764	0.238570416652789	0
0	0.230028919471397	0	0.764915352262144	0.00505572826645876	0	0.00505572826645876	0.235084647737856	0
0	0.241539047854586	0	0.7552136849901	0.00324726715531394	0	0.00324726715531394	0.2447863150099	0
0	0.247012438356828	0	0.751019751376582	0.00196781026659005	0	0.00196781026659005	0.248980248623418	0
0	0.23323922809569	0	0.760859389387476	0.00590138251683325	0	0.00590138251683325	0.239140610612524	0
0	0.256525331334231	0	0.74273740399709	0.000737264668678872	0	0.000737264668678872	0.25726259600291	0
0	0.248575325737083	0	0.750103772284486	0.00132090197843075	0	0.00132090197843075	0.249896227715514	0
0	0.224735876109793	0	0.763705587287027	0.0115585366031805	0	0.0115585366031805	0.236294412712973	0
0	0.240339107359056	0	0.756281045745348	0.00337984689559588	0	0.00337984689559588	0.243718954254652	0
0	0.267023023085565	0	0.732976976914435	0	0	0	0.267023023085565	0
0	0.23286388212531	0	0.760420406040979	0.00671571183371088	0	0.00671571183371088	0.239579593959021	0
0	0.240806612652122	0	0.748353414595567	0.0108399727523104	0	0.0108399727523104	0.251646585404433	0
0	0.250595395782626	0	0.746557691634761	0.00284691258261302	0	0.00284691258261302	0.253442308365239	0
0	0.227871192397097	0	0.762285525214529	0.00984328238837424	0	0.00984328238837424	0.237714474785471	0
0	0.245329479247534	0	0.745624297380022	0.00904622337244461	0	0.00904622337244461	0.254375702619978	0
0	0.229202952079255	0	0.7660806013773	0.00471644654344504	0	0.00471644654344504	0.2339193986227	0
0	0.239462033845611	0	0.753213337268942	0.00732462888544725	0	0.00732462888544725	0.246786662731058	0
0	0.239691905889428	0	0.751014991487171	0.00929310262340115	0	0.00929310262340115	0.248985008512829	0
0	0.23991442501743	0	0.7501517111514	0.00993386383116945	0	0.00993386383116945	0.2498482888486	0
0	0.243818085709718	0	0.749443860375971	0.00673805391431051	0	0.00673805391431051	0.250556139624029	0
0	0.231441875165049	0	0.760410360777039	0.00814776405791107	0	0.00814776405791107	0.239589639222961	0
0	0.226136990722847	0	0.763222703072341	0.0106403062048116	0	0.0106403062048116	0.236777296927659	0
0	0.255572628702221	0	0.743269559366876	0.00115781193090245	0	0.00115781193090245	0.256730440633124	0
0	0.233894609040854	0	0.75782303760662	0.00828235335252651	0	0.00828235335252651	0.24217696239338	0
0	0.250304087204691	0	0.747070146904299	0	0.00262576589100961	0.00262576589100961	0.250304087204691	0.00262576589100961
0	0.247504522250348	0	0.749472782199319	0.00302269555033335	0	0.00302269555033335	0.250527217800681	0
0	0.231436286400997	0	0.761545752346463	0.00701796125254038	0	0.00701796125254038	0.238454247653537	0
0	0.246546535369775	0	0.747206236471418	0.00624722815880732	0	0.00624722815880732	0.252793763528582	0
0	0.251516459104851	0	0.744874650969844	0.00360888992530554	0	0.00360888992530554	0.255125349030156	0
0	0.254492072825307	0	0.745507927174693	0	0	0	0.254492072825307	0
0	0.250807751011671	0	0.743617025833527	0.0055752231548019	0	0.0055752231548019	0.256382974166473	0
0	0.247941884721884	0	0.747659504421708	0.00439861085640799	0	0.00439861085640799	0.252340495578292	0
0	0.229928382719768	0	0.760204382762378	0.00986723451785465	0	0.00986723451785465	0.239795617237622	0
0	0.237153607071966	0	0.754105028263987	0.00874136466404721	0	0.00874136466404721	0.245894971736013	0
0	0.256823441930296	0	0.735408794768425	0.00776776330127799	0	0.00776776330127799	0.264591205231574	0
0	0.251119154344176	0	0.743778069605554	0.0051027760502702	0	0.0051027760502702	0.256221930394446	0
0	0.231025937820251	0	0.759572510454385	0.0094015517253639	0	0.0094015517253639	0.240427489545615	0
0	0.245002634445743	0	0.753053515864599	0.00194384968965789	0	0.00194384968965789	0.246946484135401	0
0	0.249058853660611	0	0.745453065347724	0.0054880809916654	0	0.0054880809916654	0.254546934652276	0
0	0.247969256972807	0	0.751707961492936	0.000322781534257377	0	0.000322781534257377	0.248292038507064	0
0	0.231974206312865	0	0.757606768448892	0.0104190252382427	0	0.0104190252382427	0.242393231551108	0
0	0.254862784318056	0	0.741891042967792	0.00324617271415168	0	0.00324617271415168	0.258108957032208	0
0	0.232082057994046	0	0.758924911986958	0.00899303001899595	0	0.00899303001899595	0.241075088013042	0
0	0.24608318746183	0	0.743898250398322	0.0100185621398479	0	0.0100185621398479	0.256101749601678	0
0	0.224331177739002	0	0.767828893364242	0.00783992889675636	0	0.00783992889675636	0.232171106635758	0
0	0.24073865473545	0	0.749864064201048	0.00939728106350189	0	0.00939728106350189	0.250135935798952	0
0	0.230441681924751	0	0.757618418533912	0.0119398995413373	0	0.0119398995413373	0.242381581466088	0
0	0.248102646858673	0	0.745926388150689	0.00597096499063795	0	0.00597096499063795	0.254073611849311	0
0	0.255953312206819	0	0.742484916035667	0.0015617717575136	0	0.0015617717575136	0.257515083964333	0
0	0.247997442915643	0	0.74668949658893	0	0.0053130604954262	0.0053130604954262	0.247997442915643	0.0053130604954262
0	0.248861780188599	0	0.745237648149422	0.00590057166197929	0	0.00590057166197929	0.254762351850578	0
0	0.240150398109338	0	0.752696763017255	0.00715283887340682	0	0.00715283887340682	0.247303236982745	0
0	0.242450018852382	0	0.7537422239517	0.00380775719591808	0	0.00380775719591808	0.2462577760483	0
0	0.249815197059425	0	0.742935559523441	0.00724924341713405	0	0.00724924341713405	0.257064440476559	0
0	0.249360006750676	0	0.745070614326795	0.00556937892252926	0	0.00556937892252926	0.254929385673206	0
0	0.237694377124171	0	0.758539453013709	0.0037661698621208	0	0.0037661698621208	0.241460546986291	0
0	0.232283576561402	0	0.757232645938971	0.010483777499627	0	0.010483777499627	0.242767354061029	0
0	0.250481307627075	0	0.745875494273407	0	0.0036431980995182	0.0036431980995182	0.250481307627075	0.0036431980995182
0	0.239613732822523	0	0.751135159867022	0.00925110731045504	0	0.00925110731045504	0.248864840132978	0
0	0.242543489481864	0	0.754273465855638	0.00318304466249714	0	0.00318304466249714	0.245726534144362	0
0	0.241272111664044	0	0.753120352812538	0.00560753552341795	0	0.00560753552341795	0.246879647187462	0
0	0.232932461064472	0	0.753857017935581	0.0132105209999472	0	0.0132105209999472	0.246142982064419	0
0	0.236869560855039	0	0.761136942115171	0.00199349702979054	0	0.00199349702979054	0.238863057884829	0
0	0.248134752405517	0	0.746036817099057	0.00582843049542538	0	0.00582843049542538	0.253963182900943	0
0	0.23842886859434	0	0.751889469152769	0.0096816622528906	0	0.0096816622528906	0.248110530847231	0
0	0.237123778545096	0	0.75932392797054	0.00355229348436384	0	0.00355229348436384	0.24067607202946	0
0	0.25120055687268	0	0.74879944312732	0	0	0	0.25120055687268	0
0	0.244810525027729	0	0.750240475191952	0.00494899978031912	0	0.00494899978031912	0.249759524808048	0
0	0.234444871781789	0	0.75700836821841	0.00115444649194883	0.00739231350785233	0.00854675999980116	0.235599318273737	0.00739231350785233
0	0.246461870791239	0	0.746173871501596	0	0.00736425770716501	0.00736425770716501	0.246461870791239	0.00736425770716501
0	0.239169296545492	0	0.760830703454508	0	0	0	0.239169296545492	0
0	0.228531787452225	0	0.768292406803559	0.0031758057442167	0	0.0031758057442167	0.231707593196441	0
0	0.233586297475105	0	0.761673421047698	0.00474028147719684	0	0.00474028147719684	0.238326578952302	0
0	0.25199140825924	0	0.747937607380783	7.09843599770623e-05	0	7.09843599770623e-05	0.252062392619217	0
0	0.246286530922122	0	0.750487153740608	0.000210359564568083	0.00301595577270147	0.00322631533726955	0.24649689048669	0.00301595577270147
0	0.258714852958722	0	0.738039296724094	0.00324585031718483	0	0.00324585031718483	0.261960703275906	0
0	0.240177945322518	0	0.754978831478942	0.00484322319854089	0	0.00484322319854089	0.245021168521059	0
0	0.232339071691876	0	0.765029690781239	0.00263123752688453	0	0.00263123752688453	0.234970309218761	0
0	0.242360368674987	0	0.753236931870558	0.00440269945445493	0	0.00440269945445493	0.246763068129442	0
0	0.248675778287352	0	0.750544510598811	0.000779711113836636	0	0.000779711113836636	0.249455489401189	0
0	0.245778069540505	0	0.751041707475612	0	0.00318022298388278	0.00318022298388278	0.245778069540505	0.00318022298388278
0	0.24585554982963	0	0.748913040314317	0.00523140985605282	0	0.00523140985605282	0.251086959685683	0
0	0.251434917582713	0	0.741906831572181	0.00665825084510651	0	0.00665825084510651	0.258093168427819	0
0	0.249661976112472	0	0.744212783124406	0.00612524076312102	0	0.00612524076312102	0.255787216875594	0
0	0.236244801959561	0	0.750117962235732	0.013637235804707	0	0.013637235804707	0.249882037764268	0
0	0.244923541282657	0	0.751005950679829	0.00407050803751404	0	0.00407050803751404	0.248994049320171	0
0	0.253514674833474	0	0.746285096617004	0.000200228549522435	0	0.000200228549522435	0.253714903382996	0
0	0.241965166590386	0	0.752378900585422	0.00565593282419124	0	0.00565593282419124	0.247621099414578	0
0	0.235554745132085	0	0.756643295520637	0.00780195934727845	0	0.00780195934727845	0.243356704479363	0
0	0.227844627083293	0	0.756983805266659	0.0151715676500478	0	0.0151715676500478	0.243016194733341	0
0	0.251086774843957	0	0.745113235822092	0.00379998933395156	0	0.00379998933395156	0.254886764177908	0
0	0.252478169861503	0	0.737778835922478	0.00974299421601884	0	0.00974299421601884	0.262221164077522	0
0	0.241829057130752	0	0.752132865007839	0.00603807786140887	0	0.00603807786140887	0.247867134992161	0
0	0.254801616655177	0	0.745198383344823	0	0	0	0.254801616655177	0
0	0.23857004673072	0	0.750290784881216	0.0111391683880641	0	0.0111391683880641	0.249709215118784	0
0	0.247314206729235	0	0.748332426349379	0.0043533669213863	0	0.0043533669213863	0.251667573650621	0
0	0.257113084482824	0	0.742060135249952	0.000826780267224136	0	0.000826780267224136	0.257939864750048	0
0	0.229939329248111	0	0.762575201576998	0.00748546917489019	0	0.00748546917489019	0.237424798423002	0
0	0.240276179746402	0	0.758242668373163	0.00148115188043522	0	0.00148115188043522	0.241757331626837	0
0	0.232581253132672	0	0.757658471227815	0.00976027563951248	0	0.00976027563951248	0.242341528772185	0
0	0.25125022318867	0	0.743164067680959	0	0.00558570913037086	0.00558570913037086	0.25125022318867	0.00558570913037086
0	0.245159214200898	0	0.747943715227528	0.00689707057157405	0	0.00689707057157405	0.252056284772472	0
0	0.254880114514591	0	0.74357352166948	0.00154636381592968	0	0.00154636381592968	0.25642647833052	0
0	0.240059918375602	0	0.755932123394537	0	0.00400795822986149	0.00400795822986149	0.240059918375602	0.00400795822986149
0	0.2461454193259	0	0.747952642284129	0.00590193838997151	0	0.00590193838997151	0.252047357715871	0
0	0.252093320747733	0	0.741210840385118	0.00669583886714951	0	0.00669583886714951	0.258789159614883	0
0	0.232005507285474	0	0.765155357288327	0.00283913542619891	0	0.00283913542619891	0.234844642711673	0
0	0.245642188316084	0	0.749453502778772	0.00490430890514415	0	0.00490430890514415	0.250546497221228	0
0	0.252084906748381	0	0.747915093251619	0	0	0	0.252084906748381	0
0	0.23885817056781	0	0.75840721774522	0.00273461168697031	0	0.00273461168697031	0.24159278225478	0
0	0.239189947933983	0	0.75365210028714	0.00715795177887751	0	0.00715795177887751	0.24634789971286	0
0	0.245252142229117	0	0.751814742539921	0.00293311523096153	0	0.00293311523096153	0.248185257460079	0
0	0.244653627817496	0	0.746583399427245	0.00876297275525849	0	0.00876297275525849	0.253416600572755	0
0	0.244426544319803	0	0.750355594352686	0.00521786132751077	0	0.00521786132751077	0.249644405647314	0
0	0.253433578409148	0	0.746566421590852	0	0	0	0.253433578409148	0
0	0.244694883219376	0	0.754013559074917	0.00129155770570725	0	0.00129155770570725	0.245986440925083	0
0	0.247399620992713	0	0.751995918860571	0.000604460146716309	0	0.000604460146716309	0.248004081139429	0
0.000211529336568544	0.246234448780374	0	0.753348694693628	0	0.0002053271894298	0.000416856525998344	0.246234448780374	0.0002053271894298
0	0.237246482615438	0	0.754649936803327	0.0081035805812356	0	0.0081035805812356	0.245350063196673	0
0	0.234645664137842	0	0.747696101736005	0.0176582341261532	0	0.0176582341261532	0.252303898263995	0
0	0.247830963710791	0	0.747634645283202	0.00453439100600738	0	0.00453439100600738	0.252365354716798	0
0	0.244806519238939	0	0.748753278623839	0.00644020213722253	0	0.00644020213722253	0.251246721376161	0
0	0.239034826367695	0	0.752686312351819	0.00827886128048559	0	0.00827886128048559	0.247313687648181	0
0	0.246624964712549	0	0.753375035287451	0	0	0	0.246624964712549	0
0	0.240522214614748	0	0.758155036021523	0.0013227493637298	0	0.0013227493637298	0.241844963978477	0
0	0.248116626778474	0	0.751374191283944	0.000509181937581344	0	0.000509181937581344	0.248625808716056	0
0	0.246014336954674	0	0.747499747503432	0.00648591554189327	0	0.00648591554189327	0.252500252496568	0
0	0.230721156334675	0	0.761421949795097	0.00785689387022792	0	0.00785689387022792	0.238578050204902	0
0.000218948226319081	0.240585061058126	0	0.751998030393061	0.00528749760183179	0.00191046272066221	0.00741690854881308	0.245872558659958	0.00191046272066221
0	0.258927425237944	0	0.741072574762056	0	0	0	0.258927425237944	0
0	0.253399517652055	0	0.739000813092599	0.00759966925534636	0	0.00759966925534636	0.260999186907401	0
0	0.242629785015892	0	0.757370214984108	0	0	0	0.242629785015892	0
0	0.261582279652105	0	0.738417720347895	0	0	0	0.261582279652105	0
0	0.23755685224807	0	0.757076719990407	0.00536642776152271	0	0.00536642776152271	0.242923280009593	0
0	0.247721231706815	0	0.748712868902168	0.00356589939101731	0	0.00356589939101731	0.251287131097832	0
0	0.263966954162507	0	0.734112997896254	0.00192004794123909	0	0.00192004794123909	0.265887002103746	0
0	0.24964682526601	0	0.748899527805409	0.00145364692858085	0	0.00145364692858085	0.251100472194591	0
0	0.245704634679401	0	0.754295365320599	0	0	0	0.245704634679401	0
0	0.256550853424608	0	0.743449146575392	0	0	0	0.256550853424608	0
0	0.252136130980961	0	0.747437297070088	0.000426571948950457	0	0.000426571948950457	0.252562702929912	0
0	0.24275727458196	0	0.753498736537883	0.00374398888015761	0	0.00374398888015761	0.246501263462117	0
0	0.2434616035484	0	0.746733287594346	0	0.00980510885725309	0.00980510885725309	0.2434616035484	0.00980510885725309
0	0.237561451279962	0	0.759833190939706	0.00260535778033201	0	0.00260535778033201	0.240166809060294	0
0	0.251849865171086	0	0.743391878469395	0.00475825635951869	0	0.00475825635951869	0.256608121530605	0
0	0.25041131759744	0	0.747222599388779	0.00236608301378071	0	0.00236608301378071	0.252777400611221	0
0	0.246830691122736	0	0.751045259139929	0.0020975105857314	2.65391516038401e-05	0.00212404973733524	0.248928201708467	2.65391516038401e-05
0	0.246129768263038	0	0.749375182209227	0.00449504952773546	0	0.00449504952773546	0.250624817790773	0
0	0.258936844558262	0	0.741063155441738	0	0	0	0.258936844558262	0
0	0.23749419450137	0	0.756234935023014	0.00627087047561605	0	0.00627087047561605	0.243765064976986	0
0	0.242374453632334	0	0.755234478456471	0.00239106791119537	0	0.00239106791119537	0.244765521543529	0
0	0.252939004676734	0	0.744010180052245	0.00305081527102146	0	0.00305081527102146	0.255989819947755	0
0	0.25089390076021	0	0.747839762863542	0.00126633637624808	0	0.00126633637624808	0.252160237136458	0
0	0.228295919532317	0	0.767592028625421	0.00411205184226209	0	0.00411205184226209	0.232407971374579	0
0	0.242187576022971	0	0.753135223249458	0.00467720072757121	0	0.00467720072757121	0.246864776750542	0
0	0.248341680591526	0	0.749429825786127	0.00222849362234757	0	0.00222849362234757	0.250570174213873	0
0	0.240067974811884	0	0.753409248338732	0.00652277684938396	0	0.00652277684938396	0.246590751661268	0
0	0.245238544418458	0	0.753557251465525	0.0012042041160175	0	0.0012042041160175	0.246442748534475	0
0	0.253944424612484	0	0.743023433811736	0.0030321415757804	0	0.0030321415757804	0.256976566188264	0
0	0.238872003062879	0	0.75277148240469	0.00835651453243074	0	0.00835651453243074	0.24722851759531	0
0	0.247697003658734	0	0.752302996341266	0	0	0	0.247697003658734	0
0	0.241084577741255	0	0.751598263862457	0.00731715839628882	0	0.00731715839628882	0.248401736137543	0
0	0.235214340348077	0	0.758325581996069	0	0.00646007765585355	0.00646007765585355	0.235214340348077	0.00646007765585355
0	0.220391667191098	0	0.766577426938212	0.0130309058706894	0	0.0130309058706894	0.233422573061788	0
0	0.249080149359093	0	0.744847256370674	0.00607259427023342	0	0.00607259427023342	0.255152743629327	0
0	0.261069054011438	0	0.738930945988562	0	0	0	0.261069054011438	0
0	0.249309472720476	0	0.746394191573696	0.00429633570582786	0	0.00429633570582786	0.253605808426304	0
0	0.239121477054453	0	0.754102779768853	0.00677574317669388	0	0.00677574317669388	0.245897220231147	0
0	0.244523157885843	0	0.755082332483586	0.000394509630571859	0	0.000394509630571859	0.244917667516414	0
0	0.233331164943446	0	0.761826529354131	0.00484230570242257	0	0.00484230570242257	0.238173470645869	0
0	0.248758669730351	0	0.751241330269649	0	0	0	0.248758669730351	0
0	0.241941131544519	0	0.758058868455481	0	0	0	0.241941131544519	0
0	0.237017184948875	0	0.754662219985027	0.00832059506609883	0	0.00832059506609883	0.245337780014973	0
0	0.235039054217402	0	0.763022042191594	0.00193890359100351	0	0.00193890359100351	0.236977957808406	0
0	0.247836541448105	0	0.744342673424719	0	0.00782078512717583	0.00782078512717583	0.247836541448105	0.00782078512717583
0	0.242124967988665	0	0.755510217979391	0.00236481403194445	0	0.00236481403194445	0.244489782020609	0
0	0.243106766509729	0	0.754308488836317	0.00258474465395446	0	0.00258474465395446	0.245691511163683	0
0	0.242379470977136	0	0.752886313052566	0	0.00473421597029746	0.00473421597029746	0.242379470977136	0.00473421597029746
0	0.239559567026473	0	0.752121351082258	0	0.00831908189126914	0.00831908189126914	0.239559567026473	0.00831908189126914
0	0.237949103889724	0	0.756555488052282	0.00549540805799381	0	0.00549540805799381	0.243444511947718	0
0	0.249300058790945	0	0.741963741182332	0.00873620002672345	0	0.00873620002672345	0.258036258817668	0
0	0.240135189742577	0	0.757896958364315	0.00196785189310823	0	0.00196785189310823	0.242103041635685	0
0	0.234526761672156	0	0.755022040516699	0.0104511978111446	0	0.0104511978111446	0.244977959483301	0
0	0.229353460510141	0	0.761379998044291	0.00926654144556783	0	0.00926654144556783	0.238620001955709	0
0	0.253806752209564	0	0.739106327499643	0.00708692029079339	0	0.00708692029079339	0.260893672500357	0
0	0.246260618923491	0	0.745581777352922	0.00815760372358778	0	0.00815760372358778	0.254418222647078	0
0	0.245351213911653	0	0.748782861908494	0.00586592417985318	0	0.00586592417985318	0.251217138091506	0
0	0.242009950575357	0	0.752675342816923	0.00531470660772002	0	0.00531470660772002	0.247324657183077	0
0	0.253200098024436	0	0.742805010215088	0.00399489176047531	0	0.00399489176047531	0.257194989784912	0
0	0.238304299292294	0	0.755306978622964	0.00638872208474154	0	0.00638872208474154	0.244693021377036	0
0	0.241015644352484	0	0.752655219600187	0.00632913604732878	0	0.00632913604732878	0.247344780399813	0
0	0.245069788223532	0	0.74534577230527	0.00958443947119795	0	0.00958443947119795	0.25465422769473	0
0	0.241447660414779	0	0.758552339585222	0	0	0	0.241447660414779	0
0	0.247700624717372	0	0.751578022840155	0.000721352442473125	0	0.000721352442473125	0.248421977159845	0
0	0.23744547442008	0	0.752504841362863	0.0100496842170573	0	0.0100496842170573	0.247495158637138	0
0	0.232612739357173	0	0.764315358176724	0.00307190246610336	0	0.00307190246610336	0.235684641823276	0
0	0.240222885183167	0	0.748812196600567	0.0109649182162664	0	0.0109649182162664	0.251187803399433	0
0	0.248633904480445	0	0.747948654459005	0.0034174410605498	0	0.0034174410605498	0.252051345540995	0
0	0.244247850633608	0	0.752122996760482	0.00362915260591009	0	0.00362915260591009	0.247877003239518	0
0	0.25969027612638	0	0.736225655296641	0.00408406857697852	0	0.00408406857697852	0.263774344703359	0
0	0.244436577405644	0	0.754793502871946	0.000769919722410492	0	0.000769919722410492	0.245206497128054	0
0	0.231383403901435	0	0.768616596098565	0	0	0	0.231383403901435	0
0	0.24671398106332	0	0.746776389124597	0.00650962981208336	0	0.00650962981208336	0.253223610875403	0
0	0.244213911099531	0	0.75159184500847	0.00419424389199965	0	0.00419424389199965	0.24840815499153	0
0	0.243130114898956	0	0.749698357053121	0.00717152804792306	0	0.00717152804792306	0.250301642946879	0
0	0.233850950012964	0	0.759574509338411	0.00657454064862469	0	0.00657454064862469	0.240425490661589	0
0	0.253924532323392	0	0.743752725926077	0.00232274175053163	0	0.00232274175053163	0.256247274073924	0
0	0.246633691594963	0	0.747118326121038	0.00624798228399971	0	0.00624798228399971	0.252881673878962	0
0	0.227098338701587	0	0.77106118930733	0.00184047199108304	0	0.00184047199108304	0.22893881069267	0
0	0.250984818140401	0	0.747922216166151	0.00109296569344879	0	0.00109296569344879	0.252077783833849	0
0	0.239476982828196	0	0.749120950838513	0.0114020663332913	0	0.0114020663332913	0.250879049161487	0
0	0.2424551400283	0	0.751578482294112	0.00596637767758793	0	0.00596637767758793	0.248421517705888	0
0	0.244749630198224	-1.35531220992407e-17	0.752946869078886	0.00230350072288947	0	0.00230350072288947	0.247053130921114	-1.35531220992407e-17
0	0.234974055427137	0	0.758101847380015	0.00692409719284866	0	0.00692409719284866	0.241898152619985	0
0	0.248131982070388	0	0.743749569202912	0.00811844872669961	0	0.00811844872669961	0.256250430797088	0
0	0.250086376879259	0	0.742966833260384	0.00694678986035647	0	0.00694678986035647	0.257033166739616	0
0	0.266917695755383	0	0.733082304244618	0	0	0	0.266917695755383	0
0	0.24710901428769	0	0.747882409186449	0.00500857652586095	0	0.00500857652586095	0.252117590813551	0
0	0.254335869469744	0	0.743668663076721	0.00199546745353574	0	0.00199546745353574	0.256331336923279	0
0	0.242595046468401	0	0.755634904614603	0	0.00177004891699552	0.00177004891699552	0.242595046468401	0.00177004891699552
0	0.264762150522999	0	0.735237849477001	0	0	0	0.264762150522999	0
0	0.235751032450909	0	0.752377471598017	0.0118714959510741	0	0.0118714959510741	0.247622528401983	0
0	0.232332550944369	0	0.764545967633744	0.00312148142188666	0	0.00312148142188666	0.235454032366256	0
0	0.226480630499444	0	0.766324053526155	0.00719531597440135	0	0.00719531597440135	0.233675946473845	0
0	0.225939495849023	0	0.766748091065922	0.00731241308505566	0	0.00731241308505566	0.233251908934078	0
0	0.252625210309469	0	0.747374789690531	0	0	0	0.252625210309469	0
0	0.243281244585732	0	0.746925316317182	0.00979343909708585	0	0.00979343909708585	0.253074683682818	0
0	0.251875845290405	0	0.745717014301706	0	0.00240714040788894	0.00240714040788894	0.251875845290405	0.00240714040788894
0	0.248284984785332	0	0.748864355822093	0.00285065939257551	0	0.00285065939257551	0.251135644177907	0
0	0.233126193667461	0	0.757202654553177	0.00967115177936247	0	0.00967115177936247	0.242797345446823	0
0	0.241593206861252	0	0.755345866297033	0.00306092684171554	0	0.00306092684171554	0.244654133702967	0
0	0.234523138507542	0	0.760599190354751	0.00487767113770764	0	0.00487767113770764	0.239400809645249	0
0	0.240038034414815	0	0.758644746223078	0.00131721936210695	0	0.00131721936210695	0.241355253776922	0
0	0.242708865418845	0	0.751996085473251	0.00529504910790426	0	0.00529504910790426	0.248003914526749	0
0	0.246270191722464	0	0.749050008171222	0.00467980010631448	0	0.00467980010631448	0.250949991828778	0
0	0.232730851409488	0	0.758705332533353	0.00856381605715887	0	0.00856381605715887	0.241294667466647	0
0	0.245568875584311	0	0.747574230207018	0.0068568942086704	0	0.0068568942086704	0.252425769792982	0
0	0.253259073616484	0	0.745680711654829	0.00106021472868689	0	0.00106021472868689	0.254319288345171	0
0	0.238630816360663	0	0.756823710488071	0.00454547315126599	0	0.00454547315126599	0.243176289511929	0
0	0.259393525866137	0	0.736830492199277	0.00377598193458592	0	0.00377598193458592	0.263169507800723	0
0	0.244467261639763	0	0.750626567311225	0.00490617104901183	0	0.00490617104901183	0.249373432688775	0
0	0.261016029591364	0	0.736553369237516	0	0.00243060117111983	0.00243060117111983	0.261016029591364	0.00243060117111983
0	0.252634006897977	0	0.744632462352724	0.00273353074929929	0	0.00273353074929929	0.255367537647276	0
0	0.249956479745352	0	0.74972939349134	0.000314126763308668	0	0.000314126763308668	0.25027060650866	0
0	0.253871864527489	0	0.746128135472511	0	0	0	0.253871864527489	0
0	0.238741027733276	0	0.7555753352709	0.00568363699582432	0	0.00568363699582432	0.2444246647291	0
0	0.245735632079685	0	0.747148410408059	0.00711595751225596	0	0.00711595751225596	0.252851589591941	0
0	0.241848017543168	0	0.748519252732064	0.00963272972476803	0	0.00963272972476803	0.251480747267936	0
0	0.240760877569503	0	0.758579742209138	0.000659380221359059	0	0.000659380221359059	0.241420257790862	0
0	0.264378098361037	0	0.732134797831633	0.00348710380733051	0	0.00348710380733051	0.267865202168367	0
0	0.256034131898074	0	0.743907413359485	5.84547424407786e-05	0	5.84547424407786e-05	0.256092586640515	0
0	0.25082237863577	0	0.747452420679346	0.00172520068488323	0	0.00172520068488323	0.252547579320654	0
0	0.252439324086579	0	0.747560675913421	0	0	0	0.252439324086579	0
0	0.229043114450965	0	0.762076674468277	0.00888021108075809	0	0.00888021108075809	0.237923325531723	0
0	0.252311962627317	0	0.746310727200721	0.00137731017196205	0	0.00137731017196205	0.253689272799279	0
0	0.252298405252246	0	0.743966145601112	0.0037354491466415	0	0.0037354491466415	0.256033854398888	0
0	0.228787827858853	0	0.75441294209777	0.0167992300433772	0	0.0167992300433772	0.24558705790223	0
0	0.25242959334508	0	0.744431772290714	0.00313863436420676	0	0.00313863436420676	0.255568227709286	0
0	0.252919255490044	0	0.74451485834412	0.00256588616583574	0	0.00256588616583574	0.25548514165588	0
0	0.239917843669959	0	0.757775420966866	0.00230673536317469	0	0.00230673536317469	0.242224579033134	0
0	0.231238015670075	0	0.764611751595939	0.00415023273398587	0	0.00415023273398587	0.235388248404061	0
0	0.228423122132281	0	0.758843415956695	0.0127334619110241	0	0.0127334619110241	0.241156584043305	0
0	0.242398181988799	0	0.751749981666844	0.00585183634435617	0	0.00585183634435617	0.248250018333156	0
0	0.252158012262397	0	0.742565276850553	0.00527671088705014	0	0.00527671088705014	0.257434723149447	0
0	0.247391165352345	0	0.741886301857369	0.0107225327902862	0	0.0107225327902862	0.258113698142631	0
0	0.252227614589252	0	0.744257227409862	0.0035151580008863	0	0.0035151580008863	0.255742772590138	0
0	0.245807228197063	0	0.752482722654395	0.00171004914854146	0	0.00171004914854146	0.247517277345605	0
0	0.252962109273067	0	0.738068809920841	0.00896908080609267	0	0.00896908080609267	0.261931190079159	0
0	0.24724213953767	0	0.749259102065631	0.00349875839669894	0	0.00349875839669894	0.250740897934369	0
0	0.251420707494357	0	0.741489501131538	0.000690693717977957	0.00639909765612745	0.00708979137410541	0.252111401212335	0.00639909765612745
0	0.264256721301356	0	0.735743278698644	0	0	0	0.264256721301356	0
0	0.238347954294821	0	0.75577734054943	0.00587470515574824	0	0.00587470515574824	0.24422265945057	0
0	0.234233807028395	0	0.753975110555901	0.0117910824157039	0	0.0117910824157039	0.246024889444099	0
0	0.247582269419554	0	0.751391548747087	0.00102618183335825	0	0.00102618183335825	0.248608451252913	0
0	0.214359582847155	0	0.771807043620843	0.0138333735320013	0	0.0138333735320013	0.228192956379157	0
0	0.241223552783696	0	0.750616382717362	0.00816006449894162	0	0.00816006449894162	0.249383617282638	0
0	0.260202340322387	0	0.733595775429006	0.00620188424860665	0	0.00620188424860665	0.266404224570994	0
0	0.242397991227368	0	0.75606366786768	0.00153834090495201	0	0.00153834090495201	0.24393633213232	0
0	0.252947505747778	0	0.742790145279234	0.00426234897298796	0	0.00426234897298796	0.257209854720766	0
0	0.23935046049891	0	0.756203716962637	0.00444582253845306	0	0.00444582253845306	0.243796283037363	0
0	0.241516157750869	0	0.749980032472872	0.00850380977625975	0	0.00850380977625975	0.250019967527128	0
0	0.247373020116826	0	0.747988316923368	0.00463866295980588	0	0.00463866295980588	0.252011683076632	0
0	0.238093383772713	0	0.753528469893475	0.00837814633381192	0	0.00837814633381192	0.246471530106525	0
0	0.242197168685431	0	0.752283633579535	0.00551919773503452	0	0.00551919773503452	0.247716366420466	0
0	0.243094794928226	0	0.752659131737222	0.00424607333455205	0	0.00424607333455205	0.247340868262778	0
0	0.240061704099333	0	0.757348404080494	0.00258989182017265	0	0.00258989182017265	0.242651595919506	0
0	0.245613401052411	0	0.752205299319914	0	0.0021812996276755	0.0021812996276755	0.245613401052411	0.0021812996276755
0	0.236243986971199	0	0.754779557401928	0.00438976666265004	0.00458668896422223	0.00897645562687227	0.240633753633849	0.00458668896422223
0	0.256486997549895	0	0.741133520147987	0.0023794823021181	0	0.0023794823021181	0.258866479852013	0
0	0.244563876904276	0	0.744913111746641	0.0105230113490833	0	0.0105230113490833	0.255086888253359	0
0	0.229138625736975	0	0.766564626132466	0.00429674813055917	0	0.00429674813055917	0.233435373867535	0
0	0.253966311233575	0	0.746033688766425	0	0	0	0.253966311233575	0
0	0.231969464228328	0	0.757519333485432	0.0105112022862399	0	0.0105112022862399	0.242480666514568	0
0	0.249512975971033	0	0.748169379962155	0.00231764406681213	0	0.00231764406681213	0.251830620037845	0
0	0.241158836043966	0	0.756489902948838	0.00235126100719609	0	0.00235126100719609	0.243510097051162	0
0	0.236901645974558	0	0.756549301532862	0.00654905249257992	0	0.00654905249257992	0.243450698467138	0
0	0.243233022806286	0	0.749338727603788	0.00742824958992614	0	0.00742824958992614	0.250661272396212	0
0	0.23998072162202	0	0.753139524548953	0.00687975382902672	0	0.00687975382902672	0.246860475451047	0
0	0.253223861331666	0	0.741453133932517	0.00532300473581714	0	0.00532300473581714	0.258546866067483	0
0	0.234819276125267	0	0.749411976126988	0.015768747747745	0	0.015768747747745	0.250588023873012	0
0	0.247473881320988	0	0.745050419265068	0.00747569941394434	0	0.00747569941394434	0.254949580734932	0
0	0.251185813898146	0	0.741123388375511	0.00113005165669335	0.00656074606964949	0.00769079772634284	0.252315865554839	0.00656074606964949
0	0.231902178887654	-1.35605436172446e-17	0.765686312760351	0.00241150835199521	0	0.00241150835199521	0.234313687239649	-1.35605436172446e-17
0	0.22966479143339	0	0.761477194086206	0.00885801448040393	0	0.00885801448040393	0.238522805913794	0
0	0.240889376921537	0	0.756673157180414	0.00243746589804883	0	0.00243746589804883	0.243326842819586	0
0	0.235560314978708	0	0.759876003318169	0.00456368170312367	0	0.00456368170312367	0.240123996681831	0
0	0.243059092487209	0	0.754344945615607	0.00259596189718359	0	0.00259596189718359	0.245655054384393	0
0	0.238360568985165	0	0.753695631188525	0.00794379982630979	0	0.00794379982630979	0.246304368811475	0
0	0.229159587916663	0	0.770840412083337	0	0	0	0.229159587916663	0
0	0.229388550234223	0	0.762998692937737	0.00761275682804024	0	0.00761275682804024	0.237001307062263	0
0	0.237889505371006	0	0.752341029913179	0.00976946471581571	0	0.00976946471581571	0.247658970086821	0
0	0.244124340804064	0	0.755875659195936	0	0	0	0.244124340804064	0
0	0.248423893107283	0	0.751576106892717	0	0	0	0.248423893107283	0
0	0.24359546699415	0	0.751146897816899	0.00525763518895013	0	0.00525763518895013	0.248853102183101	0
0	0.253982891106613	0	0.740649032890874	0.00536807600251306	0	0.00536807600251306	0.259350967109126	0
0	0.245972203559607	0	0.750626399944942	0.00340139649545062	0	0.00340139649545062	0.249373600055058	0
0	0.256152577059038	0	0.743847422940962	0	0	0	0.256152577059038	0
0	0.24149739319665	0	0.755440925723829	0.00306168107952065	0	0.00306168107952065	0.244559074276171	0
0	0.236851319183399	0	0.758148371393517	0.00500030942308446	0	0.00500030942308446	0.241851628606483	0
0	0.248952268990958	0	0.751047731009043	0	0	0	0.248952268990958	0
0	0.260138292414767	0	0.738689985743511	0.00117172184172174	0	0.00117172184172174	0.261310014256489	0
0	0.238419128462667	0	0.755938318238569	0.0056425532987644	0	0.0056425532987644	0.244061681761431	0
0	0.257040198895239	0	0.742959801104761	0	0	0	0.257040198895239	0
0	0.247468051568141	0	0.749269942968244	0.00326200546361563	0	0.00326200546361563	0.250730057031756	0
0	0.241142510850849	0	0.754873594320877	0.00398389482827445	0	0.00398389482827445	0.245126405679123	0
0	0.25338282934013	0	0.744013305279527	0.00260386538034267	0	0.00260386538034267	0.255986694720473	0
0	0.249487390283057	0	0.747911191599934	0.00260141811700881	0	0.00260141811700881	0.252088808400066	0
0	0.236772034889099	0	0.757752739107354	0.00547522600354707	0	0.00547522600354707	0.242247260892646	0
0	0.248031341299412	-1.3565594190152e-17	0.747160165034816	0.00480849366577246	0	0.00480849366577246	0.252839834965184	-1.3565594190152e-17
0	0.242918183308431	0	0.755258635195237	0.00182318149633243	0	0.00182318149633243	0.244741364804763	0
0	0.239214969964876	0	0.757333900656991	0.00345112937813229	0	0.00345112937813229	0.242666099343009	0
0	0.251873273456684	0	0.746720712835298	0.00140601370801866	0	0.00140601370801866	0.253279287164703	0
0	0.251650109281673	0	0.737205579698213	0.0111443110201139	0	0.0111443110201139	0.262794420301787	0
0	0.242882511114556	0	0.748001069956531	0.00911641892891293	0	0.00911641892891293	0.251998930043469	0
0	0.243967014736322	0	0.755124877146644	0.000908108117033237	0	0.000908108117033237	0.244875122853356	0
0	0.244303842501304	0	0.746456772518527	0	0.00923938498016868	0.00923938498016868	0.244303842501304	0.00923938498016868
0	0.231814996783894	0	0.762888426818291	0.00529657639781474	0	0.00529657639781474	0.237111573181709	0
0	0.254025421832604	0	0.740868230181974	0.00510634798542208	0	0.00510634798542208	0.259131769818026	0
0	0.236214337152554	0	0.755394848189573	0.00839081465787334	0	0.00839081465787334	0.244605151810427	0
0	0.253633738669725	0	0.746366261330275	0	0	0	0.253633738669725	0
0	0.246542439118199	0	0.753457560881801	0	0	0	0.246542439118199	0
0	0.235493389924547	0	0.75788449481906	0.00662211525639257	0	0.00662211525639257	0.24211550518094	0
0	0.237593774784671	0	0.75598200600861	0.0064242192067184	0	0.0064242192067184	0.24401799399139	0
0	0.249124578499936	0	0.750857994853806	1.74266462579256e-05	0	1.74266462579256e-05	0.249142005146194	0
0	0.240541668837401	0	0.75337966729352	0.0060786638690782	0	0.0060786638690782	0.24662033270648	0
0	0.249326680418654	0	0.749385301296529	0.00128801828481645	0	0.00128801828481645	0.250614698703471	0
0	0.254530388291869	0	0.738196349741038	0.00727326196709356	0	0.00727326196709356	0.261803650258962	0
0	0.255971387085016	0	0.742490835710897	0	0.00153777720408734	0.00153777720408734	0.255971387085016	0.00153777720408734
0	0.243535586692295	0	0.749421974326013	0.00704243898169208	0	0.00704243898169208	0.250578025673987	0
0	0.252866808541871	0	0.747133191458129	0	0	0	0.252866808541871	0
0	0.244263527405729	0	0.753614376293352	0.00212209630091832	0	0.00212209630091832	0.246385623706648	0
0	0.228685353890801	0	0.763834376098742	0.0074802700104575	0	0.0074802700104575	0.236165623901258	0
0	0.240234153905337	0	0.758734937250448	0.00103090884421548	0	0.00103090884421548	0.241265062749552	0
0	0.231403128207928	0	0.758334296202623	0.010262575589449	0	0.010262575589449	0.241665703797377	0
0	0.246775156413717	0	0.750025380784152	0.00319946280213117	0	0.00319946280213117	0.249974619215848	0
0	0.238268825000404	0	0.75297074675594	0.00876042824365616	0	0.00876042824365616	0.24702925324406	0
0	0.232062792356785	0	0.765156501076088	0.00278070656712776	0	0.00278070656712776	0.234843498923912	0
0	0.243695088713632	0	0.751442690062472	0.00486222122389621	0	0.00486222122389621	0.248557309937528	0
0	0.245329745877248	0	0.748950984489418	0	0.00571926963333412	0.00571926963333412	0.245329745877248	0.00571926963333412
0	0.246506078888773	0	0.74962746805145	0.00386645305977777	0	0.00386645305977777	0.250372531948551	0
0	0.232916255606367	0	0.759664265861818	0.00741947853181514	0	0.00741947853181514	0.240335734138182	0
0	0.228569431027563	0	0.763718687066406	0.00771188190603089	0	0.00771188190603089	0.236281312933594	0
0	0.242227769787616	0	0.754017430914423	0.00375479929796085	0	0.00375479929796085	0.245982569085577	0
0	0.243559127927902	0	0.756440872072098	0	0	0	0.243559127927902	0
0	0.230560960133573	0	0.75899038275735	0.0104486571090771	0	0.0104486571090771	0.24100961724265	0
0	0.245596868540085	0	0.746580616538465	0.00782251492144932	0	0.00782251492144932	0.253419383461535	0
0	0.234081181811361	0	0.765918818188639	0	0	0	0.234081181811361	0
0	0.238940034830744	0	0.753715715890324	0.00734424927893129	0	0.00734424927893129	0.246284284109675	0
0	0.244316403870325	0	0.751269094491536	0.00441450163813832	0	0.00441450163813832	0.248730905508464	0
0	0.247592210071211	0	0.752407789928789	0	0	0	0.247592210071211	0
0	0.240723267755377	0	0.7490873849671	0.0101893472775226	0	0.0101893472775226	0.2509126150329	0
0	0.232722473178767	0	0.754236952561684	0.0122559792959104	0.000784594963638509	0.0130405742595489	0.244978452474678	0.000784594963638509
0	0.242792200532067	0	0.748769531668935	0.00843826779899833	0	0.00843826779899833	0.251230468331065	0
0	0.25204152440177	0	0.747763369938495	0.000195105659734788	0	0.000195105659734788	0.252236630061505	0
0.000993983452742432	0.248412105297139	0	0.749791914004376	0	0.00080199724574265	0.00179598069848508	0.248412105297139	0.00080199724574265
0	0.256259156115902	0	0.737570692955954	0	0.00617015092814411	0.00617015092814411	0.256259156115902	0.00617015092814411
0	0.250931017623013	0	0.743696938657533	0.00537204371945408	0	0.00537204371945408	0.256303061342467	0
0	0.245395429530769	0	0.748619640483595	0.00598492998563633	0	0.00598492998563633	0.251380359516405	0
0	0.245380140757735	0	0.754619859242265	0	0	0	0.245380140757735	0
0	0.24727632040856	0	0.742864125547686	0.00723492521800121	0.00262462882575254	0.00985955404375374	0.254511245626562	0.00262462882575254
0	0.240623454404492	0	0.753665398626231	0.00571114696927636	0	0.00571114696927636	0.246334601373769	0
0	0.237992806885995	0	0.756881211360316	0.00512598175368879	0	0.00512598175368879	0.243118788639684	0
0	0.23775353207115	0	0.752806554093511	0.00943991383533803	0	0.00943991383533803	0.247193445906488	0
0	0.253869308680459	0	0.746130691319542	0	0	0	0.253869308680459	0
0	0.24439085141256	0	0.746226845125295	0.00938230346214473	0	0.00938230346214473	0.253773154874705	0
0	0.241033660522412	0	0.750157012327033	0.00880932715055483	0	0.00880932715055483	0.249842987672967	0
0	0.254936679462793	0	0.744939447500646	0	0.000123873036561671	0.000123873036561671	0.254936679462793	0.000123873036561671
0	0.23943535819421	0	0.749674723978447	0.0108899178273429	0	0.0108899178273429	0.250325276021553	0
0	0.24307381291391	0	0.752690883948152	0.00423530313793807	0	0.00423530313793807	0.247309116051848	0
0	0.242918113991715	0	0.756231793785696	0.000850092222588686	0	0.000850092222588686	0.243768206214304	0
0	0.238979358948239	0	0.754266658026611	0.00675398302515022	0	0.00675398302515022	0.245733341973389	0
0	0.230106280474798	0	0.760389821170407	0.00950389835479509	0	0.00950389835479509	0.239610178829593	0
0	0.229372043977094	0	0.75466617786757	0.0159617781553359	0	0.0159617781553359	0.24533382213243	0
0	0.240642104168906	0	0.749240319085482	0.0101175767456114	0	0.0101175767456114	0.250759680914518	0
0	0.256940844381733	0	0.743059155618267	0	0	0	0.256940844381733	0
0	0.248877654791206	0	0.744515919646749	0.00660642556204533	0	0.00660642556204533	0.255484080353251	0
0	0.244198259676806	0	0.753779774249604	0.0020219660735899	0	0.0020219660735899	0.246220225750396	0
0	0.241473017013118	0	0.748849155228591	0.00967782775829076	0	0.00967782775829076	0.251150844771409	0
0	0.244233601151848	0	0.755766398848152	0	0	0	0.244233601151848	0
0	0.246057684998911	0	0.747603861405374	0.00633845359571493	0	0.00633845359571493	0.252396138594626	0
0	0.253202452755036	0	0.744715363428661	0.00208218381630254	0	0.00208218381630254	0.255284636571339	0
0	0.249278789023373	0	0.738188874789794	0	0.012532336186833	0.012532336186833	0.249278789023373	0.012532336186833
0	0.249658154899936	0	0.745983096698861	0.00435874840120271	0	0.00435874840120271	0.254016903301139	0
0	0.219578562839962	0	0.772421216042096	0.00800022111794163	0	0.00800022111794163	0.227578783957904	0
0	0.239974814793191	0	0.760025185206809	0	0	0	0.239974814793191	0
0	0.235115079119053	0	0.752131900121439	0.0127530207595082	0	0.0127530207595082	0.247868099878561	0
0	0.23126754608694	0	0.759607721061582	0.00912473285147825	0	0.00912473285147825	0.240392278938418	0
0	0.2568244055548	0	0.740033463473744	0.00314213097145692	0	0.00314213097145692	0.259966536526256	0
0	0.242465379767943	0	0.74783344000985	0.00970118022220666	0	0.00970118022220666	0.25216655999015	0
0	0.253605877104169	0	0.742773265504092	0	0.00362085739173856	0.00362085739173856	0.253605877104169	0.00362085739173856
0	0.239743023015792	0	0.755001561097218	0.00525541588698976	0	0.00525541588698976	0.244998438902782	0
0	0.247695080148051	0	0.747444920809016	0.0048599990429336	0	0.0048599990429336	0.252555079190984	0
0	0.23519119483305	0	0.757917060489045	0.00689174467790543	0	0.00689174467790543	0.242082939510955	0
0	0.24825015676106	0	0.743074312654571	0.00867553058436943	0	0.00867553058436943	0.256925687345429	0
0	0.254448504773892	0	0.743222318871511	0.00232917635459731	0	0.00232917635459731	0.256777681128489	0
0	0.234722614813246	0	0.752305653744625	0.00267390914940187	0.0102978222927267	0.0129717314421285	0.237396523962648	0.0102978222927267
0	0.253455878777457	0	0.74547982753256	0.00106429368998296	0	0.00106429368998296	0.25452017246744	0
0	0.233824666538253	0	0.756791290383378	0.00938404307836834	0	0.00938404307836834	0.243208709616622	0
0	0.219356619221388	0	0.775894620434416	0.00474876034419607	0	0.00474876034419607	0.224105379565584	0
0	0.246082216897157	0	0.753917783102843	0	0	0	0.246082216897157	0
0	0.260753638196788	0	0.736734104393157	0.00251225741005479	0	0.00251225741005479	0.263265895606843	0
0	0.248093946207749	0	0.749171451792568	0.00273460199968342	0	0.00273460199968342	0.250828548207432	0
0	0.250194528022922	0	0.749805471977078	0	0	0	0.250194528022922	0
0	0.240116843299135	0	0.749398584789609	0.0104845719112565	0	0.0104845719112565	0.250601415210391	0
0	0.226801983637535	0	0.764394641045005	0.00880337531746034	0	0.00880337531746034	0.235605358954995	0
0	0.245066836639241	0	0.754471686994168	0.000461476366590521	0	0.000461476366590521	0.245528313005832	0
0	0.258160678603787	0	0.736338385214048	0.00550093618216537	0	0.00550093618216537	0.263661614785952	0
0	0.246490619995181	0	0.753509380004819	0	0	0	0.246490619995181	0
0	0.249650887603017	0	0.750349112396983	0	0	0	0.249650887603017	0
0	0.23695367791859	0	0.750180053264658	0.0128662688167521	0	0.0128662688167521	0.249819946735342	0
0	0.245378439185636	0	0.75345297418894	0.00116858662542375	0	0.00116858662542375	0.24654702581106	0
0	0.240724656184375	0	0.758996680230932	0.000278663584693109	0	0.000278663584693109	0.241003319769068	0
0	0.245966827103438	0	0.744786036859954	0.00924713603660837	0	0.00924713603660837	0.255213963140046	0
0	0.24335874831437	0	0.753110706244843	0.00353054544078648	0	0.00353054544078648	0.246889293755157	0
0	0.240854272473082	0	0.752267698015524	0.00687802951139385	0	0.00687802951139385	0.247732301984476	0
0	0.233762731141649	0	0.759134472009635	0.00710279684871585	0	0.00710279684871585	0.240865527990365	0
0	0.259016648298053	0	0.736466141154315	0.00451721054763206	0	0.00451721054763206	0.263533858845685	0
0	0.247849374372561	0	0.750309219464978	0.00184140616246053	0	0.00184140616246053	0.249690780535022	0
0	0.242177707009889	0	0.7555564381729	0.00226585481721152	0	0.00226585481721152	0.244443561827101	0
0	0.23012520650762	0	0.760328285309923	0.00954650818245735	0	0.00954650818245735	0.239671714690077	0
0	0.238902038171939	0	0.750814170658851	0.0102837911692102	0	0.0102837911692102	0.249185829341149	0
0	0.236507628641961	0	0.758373733653577	0	0.00511863770446189	0.00511863770446189	0.236507628641961	0.00511863770446189
0	0.25027906937591	0	0.746298570441236	0.00342236018285462	0	0.00342236018285462	0.253701429558764	0
0	0.241369781470483	0	0.756841514670049	0.00131608614001981	0.000472617719448427	0.00178870385946823	0.242685867610503	0.000472617719448427
0	0.247941282368516	0	0.749668697511588	0.00200755837391639	0.000382461745979517	0.00239002011989591	0.249948840742432	0.000382461745979517
0	0.24061442513058	0	0.755541292130648	0.00384428273877165	0	0.00384428273877165	0.244458707869352	0
0	0.235318798408142	0	0.756862234104261	0.00781896748759702	0	0.00781896748759702	0.24313776589574	0
0	0.250976240775621	0	0.74840885427512	0.00061490494925874	0	0.00061490494925874	0.25159114572488	0
0	0.251755105770787	0	0.746972213708801	0	0.00127268052041173	0.00127268052041173	0.251755105770787	0.00127268052041173
0	0.239728018701151	0	0.760271981298849	0	0	0	0.239728018701151	0
0	0.241275458036752	0	0.753194695450168	0.00552984651308002	0	0.00552984651308002	0.246805304549832	0
0	0.228728178891191	0	0.767376714512107	0.00389510659670176	0	0.00389510659670176	0.232623285487893	0
0	0.240416493135358	0	0.75283820292561	0.0050292750773419	0.0017160288616901	0.006745303939032	0.2454457682127	0.0017160288616901
0	0.247654760629933	0	0.748071901801627	0.00427333756843994	0	0.00427333756843994	0.251928098198373	0
-1.35724737221251e-17	0.245037546704968	0	0.754962453295032	0	0	-1.35724737221251e-17	0.245037546704968	0
0	0.251586689530187	0	0.742291642215599	0.00612166825421362	0	0.00612166825421362	0.257708357784401	0
0	0.254215590028137	0	0.745784409971863	0	0	0	0.254215590028137	0
0	0.231897666338341	0	0.761475302155851	0.00662703150580868	0	0.00662703150580868	0.238524697844149	0
0	0.243913208341232	0	0.749017399430624	0.00706939222814429	0	0.00706939222814429	0.250982600569376	0
0	0.228494792681805	0	0.761505243964855	0.00999996335334007	0	0.00999996335334007	0.238494756035145	0
0	0.240485394733707	0	0.755667737646609	0.00384686761968367	0	0.00384686761968367	0.244332262353391	0
0	0.236578432196279	0	0.752247136326594	0.0111744314771274	0	0.0111744314771274	0.247752863673406	0
0	0.25247426021018	0	0.741271540424872	0	0.00625419936494756	0.00625419936494756	0.25247426021018	0.00625419936494756
0.00252769007390554	0.237461777718735	0	0.756795854532034	0	0.00321467767532556	0.0057423677492311	0.237461777718735	0.00321467767532556
0	0.24023089054287	0	0.75976910945713	0	0	0	0.24023089054287	0
0	0.237675125100446	0	0.753700080909986	0.00862479398956836	0	0.00862479398956836	0.246299919090014	0
0	0.239904622938847	0	0.753783566566982	0.00631181049417083	0	0.00631181049417083	0.246216433433018	0
0	0.23312956342438	0	0.756527185271559	0.00885745288110342	0.00148579842295707	0.0103432513040605	0.241987016305483	0.00148579842295707
0	0.255006515276642	0	0.744685659682044	0.000307825041313351	0	0.000307825041313351	0.255314340317956	0
0	0.243331226309331	0	0.756668773690669	0	0	0	0.243331226309331	0
0	0.249672251822543	0	0.750327748177457	0	0	0	0.249672251822543	0
0	0.225530341815993	0	0.767050531570902	0.00741912661310491	0	0.00741912661310491	0.232949468429098	0
0	0.242377644007559	0	0.754647920285712	0	0.00297443570672869	0.00297443570672869	0.242377644007559	0.00297443570672869
0	0.227503922496428	0	0.756974216464178	0.0155218610393939	0	0.0155218610393939	0.243025783535822	0
0	0.249464083827402	0	0.750535916172598	0	0	0	0.249464083827402	0
0	0.237181149521311	0	0.758425419633707	0.00439343084498222	0	0.00439343084498222	0.241574580366293	0
0	0.233641789159334	0	0.758016950851372	0.0083412599892942	0	0.0083412599892942	0.241983049148628	0
0	0.252785495358156	0	0.743984304997431	0.00323019964441281	0	0.00323019964441281	0.256015695002569	0
0	0.23940359745244	0	0.754242554524494	0.00635384802306612	0	0.00635384802306612	0.245757445475506	0
0	0.24442577849616	0	0.755574221503839	0	0	0	0.24442577849616	0
0	0.225011721255238	0	0.761757814403645	0.0132304643411167	0	0.0132304643411167	0.238242185596355	0
0	0.23809851999763	0	0.760502144119256	0.00139933588311308	0	0.00139933588311308	0.239497855880744	0
0	0.241472974975656	0	0.755081726116354	0.00344529890799015	0	0.00344529890799015	0.244918273883646	0
0	0.230015113443353	0	0.763371840297543	0.00661304625910358	0	0.00661304625910358	0.236628159702457	0
0	0.23947199979046	0	0.75702479202964	0.00350320817989938	0	0.00350320817989938	0.24297520797036	0
0	0.230674895366351	0	0.758432247323129	0.01089285731052	0	0.01089285731052	0.241567752676871	0
0	0.251518443258575	0	0.747934394682944	0.000547162058481947	0	0.000547162058481947	0.252065605317056	0
0	0.241407109796168	0	0.755078077881037	0.00351481232279461	0	0.00351481232279461	0.244921922118963	0
0	0.25724594499581	0	0.737074967517964	0.00567908748622593	0	0.00567908748622593	0.262925032482036	0
0	0.23083286378207	0	0.763243759054348	0.005923377163582	0	0.005923377163582	0.236756240945652	0
0	0.249398203061926	0	0.742527292208087	0.00807450472998765	0	0.00807450472998765	0.257472707791913	0
0	0.245284901364058	0	0.748225127536943	0.00648997109899993	0	0.00648997109899993	0.251774872463057	0
0	0.222814691489801	0	0.764562587868949	0.0126227206412502	0	0.0126227206412502	0.235437412131051	0
0	0.230121209355726	0	0.753748777130853	0.0148607757505056	0.00126923776291522	0.0161300135134208	0.244981985106231	0.00126923776291522
0	0.249717467889827	0	0.750282532110173	0	0	0	0.249717467889827	0
0	0.237939588250506	0	0.757880242802119	0.00418016894737503	0	0.00418016894737503	0.242119757197881	0
0	0.251329560755682	0	0.748670439244318	0	0	0	0.251329560755682	0
0	0.225169748495799	0	0.768847981440725	0.00598227006347625	0	0.00598227006347625	0.231152018559275	0
0	0.229001436508204	0	0.761453130320834	0.00954543317096152	0	0.00954543317096152	0.238546869679166	0
0	0.228609910601764	0	0.7658383690272	0.00555172037103605	0	0.00555172037103605	0.2341616309728	0
0	0.240286249663901	0	0.758366431276846	0.00134731905925325	0	0.00134731905925325	0.241633568723154	0
0	0.232772949446833	0	0.757810925128385	0.00941612542478272	0	0.00941612542478272	0.242189074871615	0
0	0.240238714156033	0	0.745859767531207	0.0139015183127603	0	0.0139015183127603	0.254140232468793	0
0	0.231922256055195	0	0.764482956742905	0.00359478720190028	0	0.00359478720190028	0.235517043257095	0
0	0.240774486664054	0	0.7559725488895	0.00325296444644588	0	0.00325296444644588	0.2440274511105	0
0	0.246597441629337	0	0.753402558370663	0	0	0	0.246597441629337	0
0	0.251160590151523	0	0.745548175363098	0.00329123448537906	0	0.00329123448537906	0.254451824636902	0
0	0.240510237801015	0	0.754254787806055	0.00523497439292901	0	0.00523497439292901	0.245745212193945	0
0	0.251318550981995	0	0.744396452323947	0.00428499669405753	0	0.00428499669405753	0.255603547676052	0
0	0.236019117243332	0	0.758258854038443	0.00572202871822521	0	0.00572202871822521	0.241741145961557	0
0	0.244674554634378	0	0.751433063438738	0.00389238192688402	0	0.00389238192688402	0.248566936561262	0
0	0.240407532248834	0	0.745255393213688	0.0143370745374782	0	0.0143370745374782	0.254744606786312	0
0	0.23794263682916	0	0.75664039340362	0.00541696976721927	0	0.00541696976721927	0.24335960659638	0
0	0.238197166456712	0	0.7587994671251	0.00300336641818845	0	0.00300336641818845	0.2412005328749	0
0	0.252661029572532	0	0.742754117265441	0.00458485316202626	0	0.00458485316202626	0.257245882734559	0
0	0.245063102325204	0	0.74355926337538	0.0113776342994156	0	0.0113776342994156	0.256440736624619	0
0	0.242313804417174	0	0.750750159867983	0.00693603571484289	0	0.00693603571484289	0.249249840132017	0
0	0.246059450918856	0	0.753940549081144	0	0	0	0.246059450918856	0
0	0.242175200807725	0	0.75106769749926	0.00675710169301477	0	0.00675710169301477	0.24893230250074	0
0	0.243913452663636	0	0.750688297228404	0.00539825010796072	0	0.00539825010796072	0.249311702771596	0
0	0.233214377055248	0	0.764214673717541	0.00257094922721089	0	0.00257094922721089	0.235785326282459	0
0	0.24767419189793	0	0.748299097255099	0.00402671084697121	0	0.00402671084697121	0.251700902744901	0
0	0.230640816165767	0	0.761957816913355	0.00740136692087821	0	0.00740136692087821	0.238042183086645	0
0	0.242183915582568	0	0.754177781086699	0.00363830333073215	0	0.00363830333073215	0.245822218913301	0
0	0.256080983909637	0	0.743919016090363	0	0	0	0.256080983909637	0
0	0.240008837778591	0	0.756573816381678	0.00341734583973143	0	0.00341734583973143	0.243426183618322	0
0	0.241247098866669	0	0.752736120329231	0.00601678080409999	0	0.00601678080409999	0.247263879670769	0
0	0.244728865761834	0	0.755271134238166	0	0	0	0.244728865761834	0
0	0.234780185252025	0	0.760249394999168	0.0049704197488069	0	0.0049704197488069	0.239750605000832	0
0	0.233575989081943	0	0.754466638753787	0.0119573721642703	0	0.0119573721642703	0.245533361246213	0
0	0.249685040585798	0	0.747561161095869	0.00275379831833339	0	0.00275379831833339	0.252438838904131	0
0	0.238399460355912	0	0.755660016480464	0	0.00594052316362328	0.00594052316362328	0.238399460355912	0.00594052316362328
0	0.239945176543491	0	0.752566776545323	0.00748804691118604	0	0.00748804691118604	0.247433223454677	0
0	0.229702098017654	0	0.764211253423624	0.00608664855872123	0	0.00608664855872123	0.235788746576376	0
0	0.26120785054619	0	0.733714445579175	0.00507770387463482	0	0.00507770387463482	0.266285554420825	0
0	0.257095544702817	0	0.742904455297183	0	0	0	0.257095544702817	0
0	0.250874383851498	0	0.747770215610921	0.00135540053758063	0	0.00135540053758063	0.252229784389079	0
0	0.237108767750366	0	0.762891232249634	0	0	0	0.237108767750366	0
0	0.248445909518528	0	0.745645228025488	0.00590886245598347	0	0.00590886245598347	0.254354771974512	0
0	0.235016577652609	0	0.756141267555289	0.00884215479210144	0	0.00884215479210144	0.243858732444711	0
0	0.254371340663489	0	0.743459614562188	0.00216904477432324	0	0.00216904477432324	0.256540385437812	0
0	0.24044327763067	0	0.75558483805702	0.00397188431230922	0	0.00397188431230922	0.24441516194298	0
0	0.239813226831272	0	0.754703773238599	0.00548299993012882	0	0.00548299993012882	0.245296226761401	0
0	0.240854511616953	0	0.756067796714522	0.00307769166852491	0	0.00307769166852491	0.243932203285478	0
0	0.233662321522943	0	0.755356233868236	0.0109814446088209	0	0.0109814446088209	0.244643766131764	0
0	0.248704425748742	0	0.750947798514093	0.000347775737164944	0	0.000347775737164944	0.249052201485907	0
0	0.238101594385402	0	0.753448184999466	0.00845022061513202	0	0.00845022061513202	0.246551815000534	0
0	0.240083543084851	0	0.74663646757478	0.0132799893403688	0	0.0132799893403688	0.25336353242522	0
0	0.234647619197934	0	0.751409512504394	0.013942868297672	0	0.013942868297672	0.248590487495606	0
0	0.237662340662592	0	0.755868477050278	0.00646918228712942	0	0.00646918228712942	0.244131522949722	0
0	0.234714234878259	0	0.761064710915159	0.00422105420658168	0	0.00422105420658168	0.238935289084841	0
0	0.224525457267219	0	0.758544629407453	0.0169299133253279	0	0.0169299133253279	0.241455370592547	0
0	0.234958207050584	0	0.754595705245008	0.0104460877044082	0	0.0104460877044082	0.245404294754992	0
0	0.229924763803569	0	0.764473233141814	0.00560200305461643	0	0.00560200305461643	0.235526766858186	0
0	0.241890173864225	0	0.749487854746725	0.0086219713890503	0	0.0086219713890503	0.250512145253275	0
0	0.250587384761976	0	0.745599605733076	0.00381300950494776	0	0.00381300950494776	0.254400394266924	0
0	0.243056376866998	0	0.750310795436684	0.00663282769631763	0	0.00663282769631763	0.249689204563316	0
0	0.253820272131476	0	0.746179727868524	0	0	0	0.253820272131476	0
0	0.231603756149621	0	0.763744508340262	0.00465173551011721	0	0.00465173551011721	0.236255491659738	0
0	0.236057712400224	0	0.759604197465328	0.00433809013444774	0	0.00433809013444774	0.240395802534672	0
0	0.238230297559142	0	0.756515940956929	0.00525376148392922	0	0.00525376148392922	0.243484059043071	0
0	0.255909910687453	0	0.743249579176303	0.000840510136243945	0	0.000840510136243945	0.256750420823697	0
0	0.243929773441429	0	0.745586802959257	0.0104834235993142	0	0.0104834235993142	0.254413197040743	0
0	0.224944141025721	0	0.764358286226828	0.0106975727474515	0	0.0106975727474515	0.235641713773172	0
0	0.239155900014156	0	0.750425410134355	0.0104186898514892	0	0.0104186898514892	0.249574589865645	0
0	0.252639510419909	0	0.74267680507552	0.00468368450457092	0	0.00468368450457092	0.25732319492448	0
0	0.24779237989432	0	0.750717146756079	0.0014904733496013	0	0.0014904733496013	0.249282853243921	0
0	0.225740222132376	0	0.754623004969464	0.0196367728981598	0	0.0196367728981598	0.245376995030536	0
0	0.24129345963004	0	0.753171132596457	0.00553540777350281	0	0.00553540777350281	0.246828867403543	0
0	0.226527840755915	0	0.76204136730339	0.0114307919406949	0	0.0114307919406949	0.23795863269661	0
0	0.247355227803177	0	0.745748531058972	0.00689624113785181	0	0.00689624113785181	0.254251468941028	0
0	0.258169961632475	0	0.739605332164917	0.00222470620260792	0	0.00222470620260792	0.260394667835083	0
0	0.241097302421197	0	0.756057678773424	0.00284501880537868	0	0.00284501880537868	0.243942321226576	0
0	0.231517455393534	0	0.76437356428952	0.00410898031694561	0	0.00410898031694561	0.23562643571048	0
0	0.26117758929033	0	0.73882241070967	0	0	0	0.26117758929033	0
0	0.233974561606546	0	0.763566309079093	0.0024591293143607	0	0.0024591293143607	0.236433690920907	0
0	0.231921067864226	0	0.758945652096328	0.00913328003944621	0	0.00913328003944621	0.241054347903672	0
0	0.246406381718556	0	0.749388400530309	0.00420521775113556	0	0.00420521775113556	0.250611599469691	0
0	0.234859491578308	0	0.758658898694071	0.00648160972762115	0	0.00648160972762115	0.241341101305929	0
0	0.240732020723872	0	0.750574133092342	0.0086938461837862	0	0.0086938461837862	0.249425866907658	0
0	0.251446494183107	0	0.748553505816893	0	0	0	0.251446494183107	0
0	0.231946620764471	0	0.766160175300536	0.00189320393499266	0	0.00189320393499266	0.233839824699464	0
0	0.245255412500503	0	0.742310966536012	0.0124336209634851	0	0.0124336209634851	0.257689033463988	0
0	0.252313029237262	0	0.747686970762738	0	0	0	0.252313029237262	0
0	0.233742992712605	0	0.757982518543501	0.00827448874389418	0	0.00827448874389418	0.242017481456499	0
0	0.244055816721231	0	0.751261898556209	0.00468228472256088	0	0.00468228472256088	0.248738101443792	0
0	0.25860016603995	0	0.739204509316528	0.00219532464352167	0	0.00219532464352167	0.260795490683472	0
0	0.243441941419766	0	0.755966070447622	0.0005919881326119	0	0.0005919881326119	0.244033929552378	0
0	0.266360923854665	0	0.733639076145335	0	0	0	0.266360923854665	0
0	0.233417480651259	0	0.763704202397648	0	0.00287831695109249	0.00287831695109249	0.233417480651259	0.00287831695109249
0	0.241256056133548	0	0.758743943866452	0	0	0	0.241256056133548	0
0	0.246430330697645	0	0.753367573801173	0.000202095501181687	0	0.000202095501181687	0.246632426198827	0
0	0.232976664039131	0	0.767023335960869	0	0	0	0.232976664039131	0
0	0.25305341771036	0	0.74694658228964	0	0	0	0.25305341771036	0
0	0.238699962157278	0	0.757295403978101	0.00400463386462135	0	0.00400463386462135	0.242704596021899	0
0	0.23950445467223	0	0.751849860046997	0.00864568528077206	0	0.00864568528077206	0.248150139953002	0
0	0.240398782632998	0	0.7544519833744	0.00514923399260198	0	0.00514923399260198	0.2455480166256	0
0	0.249996129881091	0	0.750003870118909	0	0	0	0.249996129881091	0
0	0.249677759310064	0	0.747785964630746	0	0.00253627605918981	0.00253627605918981	0.249677759310064	0.00253627605918981
0	0.244549235426178	0	0.754100184148399	0	0.00135058042542255	0.00135058042542255	0.244549235426178	0.00135058042542255
0	0.245217849311719	0	0.754782150688281	0	0	0	0.245217849311719	0
0	0.249401729551301	0	0.746770765630003	0.00382750481869593	0	0.00382750481869593	0.253229234369997	0
0	0.251485557891828	0	0.748514442108172	0	0	0	0.251485557891828	0
0	0.232950076812342	0	0.763230261363828	0.00381966182383092	0	0.00381966182383092	0.236769738636172	0
0	0.244739087468678	0	0.739240797231134	0.0160201153001885	0	0.0160201153001885	0.260759202768866	0
0	0.23718390483799	0	0.757885123054932	0.00493097210707756	0	0.00493097210707756	0.242114876945068	0
0	0.235262085727423	0	0.764737914272577	0	0	0	0.235262085727423	0
0	0.247312305699427	0	0.74817508322279	0.00451261107778384	0	0.00451261107778384	0.25182491677721	0
0	0.242319807663436	0	0.750089353641321	0.00759083869524337	0	0.00759083869524337	0.249910646358679	0
0	0.239688434671402	0	0.75590476038729	0.00440680494130785	0	0.00440680494130785	0.24409523961271	0
0	0.23460874248697	0	0.759101165381529	0.00629009213150114	0	0.00629009213150114	0.240898834618471	0
0	0.234302288104143	0	0.762182464925292	0.00351524697056559	0	0.00351524697056559	0.237817535074708	0
0	0.244863973388838	0	0.75101647760651	0.00411954900465194	0	0.00411954900465194	0.24898352239349	0
0	0.252735357442896	0	0.744166655186322	0.00309798737078297	0	0.00309798737078297	0.255833344813679	0
0	0.239768480150702	0	0.747156418750445	0.0130751010988525	0	0.0130751010988525	0.252843581249555	0
0	0.240236932403478	0	0.753143932093766	0.00661913550275595	0	0.00661913550275595	0.246856067906234	0
0	0.236768609223829	0	0.760516581382852	0.00271480939331948	0	0.00271480939331948	0.239483418617148	0
