model: neutralSNP_vs_selectedSNP
n:  50 
folded: false
r_range: 0.02, 50
neu_m:  4981473 
neu_sfs: 9140, 3182, 9153, 9880, 11966, 6016, 4808, 5834, 3362, 3887, 2155, 2000, 2672, 1651, 2170, 1404, 1239, 1802, 998, 1461, 891, 993, 1259, 828, 1187, 797, 759, 1108, 772, 1112, 701, 672, 1021, 671, 1002, 585, 671, 1044, 702, 1194, 767, 828, 1230, 983, 1577, 1160, 1285, 1831, 1292
neu_theta_range: 1e-5, 0.1
neu_e_range: 0, 0.5
sel_m:  20955569 
sel_sfs: 28338, 4508, 10700, 11200, 12130, 6058, 4777, 5861, 3091, 3832, 2061, 1943, 2436, 1469, 1925, 1217, 1149, 1596, 954, 1366, 844, 830, 1096, 746, 1039, 666, 631, 979, 690, 1059, 562, 633, 976, 649, 942, 587, 650, 976, 707, 1031, 716, 769, 1176, 958, 1447, 1039, 1133, 1605, 1182
