model: neutralSNP_vs_selectedSNP
n:  50 
folded: false
r_range: 0.02, 50
neu_m:  4981473 
neu_sfs: 9018, 3288, 8977, 10104, 11753, 5959, 4809, 5815, 3342, 4082, 2163, 2074, 2664, 1569, 2204, 1415, 1203, 1776, 1087, 1484, 917, 965, 1240, 832, 1164, 811, 768, 1112, 788, 1057, 686, 589, 1046, 724, 1008, 656, 682, 1061, 715, 1202, 826, 820, 1276, 929, 1558, 1179, 1268, 1738, 1299
neu_theta_range: 1e-5, 0.1
neu_e_range: 0, 0.5
sel_m:  20955569 
sel_sfs: 28975, 4437, 10596, 11120, 12183, 6090, 4788, 5651, 2986, 3909, 2101, 1927, 2330, 1437, 1935, 1226, 1083, 1536, 980, 1393, 886, 779, 1115, 761, 965, 696, 652, 1009, 686, 1033, 623, 601, 988, 662, 942, 606, 621, 975, 680, 1071, 694, 776, 1182, 908, 1364, 1054, 1080, 1663, 1174
