model: neutralSNP_vs_selectedSNP
n:  50 
folded: false
r_range: 0.02, 50
neu_m:  4981473 
neu_sfs: 9265, 3141, 9146, 10098, 11713, 5926, 4838, 5947, 3341, 3969, 2144, 2000, 2747, 1517, 2199, 1362, 1268, 1803, 997, 1544, 910, 986, 1254, 783, 1151, 759, 766, 1145, 743, 1103, 693, 677, 1067, 722, 996, 681, 660, 1024, 759, 1132, 814, 796, 1267, 908, 1486, 1170, 1267, 1712, 1306
neu_theta_range: 1e-5, 0.1
neu_e_range: 0, 0.5
sel_m:  20955569 
sel_sfs: 28575, 4469, 10585, 11147, 12339, 6118, 4943, 5691, 3016, 3956, 2133, 1922, 2373, 1468, 1867, 1184, 1107, 1633, 949, 1335, 841, 762, 1041, 731, 1079, 662, 582, 1035, 720, 1072, 609, 623, 919, 661, 936, 610, 629, 978, 672, 1055, 698, 754, 1171, 867, 1360, 1052, 1204, 1639, 1157
