model: neutralSNP_vs_selectedSNP
n:  50 
folded: false
r_range: 0.02, 50
neu_m:  4981473 
neu_sfs: 9256, 3234, 9012, 10111, 11838, 5754, 4769, 5939, 3265, 4025, 2198, 2042, 2632, 1637, 2229, 1359, 1268, 1817, 1074, 1562, 927, 920, 1326, 791, 1162, 749, 801, 1049, 741, 989, 670, 670, 1115, 769, 954, 650, 693, 1036, 754, 1177, 798, 787, 1278, 952, 1537, 1143, 1248, 1680, 1315
neu_theta_range: 1e-5, 0.1
neu_e_range: 0, 0.5
sel_m:  20955569 
sel_sfs: 28458, 4333, 10602, 11255, 12343, 6100, 4877, 5841, 3129, 3952, 2039, 1933, 2378, 1432, 1917, 1191, 1148, 1580, 952, 1326, 889, 826, 1098, 723, 981, 623, 651, 1005, 726, 1050, 615, 599, 935, 638, 928, 593, 585, 942, 694, 1104, 703, 745, 1227, 902, 1335, 1097, 1146, 1653, 1130
