model: neutralSNP_vs_selectedSNP
n:  50 
folded: false
r_range: 0.02, 50
neu_m:  4981473 
neu_sfs: 9282, 3171, 9066, 10079, 11683, 5920, 4805, 5870, 3295, 4025, 2160, 2119, 2667, 1555, 2230, 1379, 1261, 1784, 1026, 1480, 922, 919, 1280, 818, 1188, 743, 744, 1126, 809, 1122, 624, 598, 1063, 709, 1019, 661, 685, 1074, 835, 1179, 777, 847, 1211, 935, 1468, 1167, 1242, 1760, 1320
neu_theta_range: 1e-5, 0.1
neu_e_range: 0, 0.5
sel_m:  20955569 
sel_sfs: 28431, 4400, 10788, 11085, 12254, 5922, 4698, 5777, 3125, 3904, 2117, 2067, 2474, 1434, 1933, 1212, 1051, 1604, 1032, 1335, 849, 837, 1122, 739, 1035, 694, 605, 1023, 694, 1037, 625, 655, 966, 603, 921, 645, 642, 930, 684, 1056, 740, 763, 1229, 907, 1306, 1065, 1070, 1643, 1201
