model: neutralSNP_vs_selectedSNP
n:  50 
folded: false
r_range: 0.02, 50
neu_m:  4981473 
neu_sfs: 9220, 3156, 8996, 10050, 11846, 5815, 4886, 5792, 3222, 4086, 2244, 2049, 2742, 1558, 2084, 1381, 1257, 1848, 1056, 1520, 855, 944, 1309, 771, 1184, 775, 782, 1048, 765, 1102, 713, 639, 1099, 707, 1042, 653, 649, 1002, 723, 1201, 801, 828, 1293, 983, 1504, 1146, 1213, 1879, 1284
neu_theta_range: 1e-5, 0.1
neu_e_range: 0, 0.5
sel_m:  20955569 
sel_sfs: 28357, 4533, 10716, 10956, 12239, 6122, 4700, 5996, 3142, 3830, 2117, 1913, 2441, 1448, 1931, 1242, 1107, 1575, 985, 1361, 805, 820, 1107, 737, 1053, 679, 618, 1014, 714, 1014, 583, 622, 989, 644, 940, 590, 596, 888, 694, 1068, 707, 741, 1262, 921, 1352, 1076, 1094, 1678, 1212
