model: neutralSNP_vs_selectedSNP
n:  50 
folded: false
r_range: 0.02, 50
neu_m:  4981473 
neu_sfs: 9054, 3191, 8958, 10074, 12142, 5822, 4877, 5786, 3343, 4049, 2162, 2062, 2645, 1533, 2127, 1409, 1188, 1744, 1045, 1490, 974, 884, 1305, 846, 1176, 733, 793, 1094, 750, 1074, 712, 677, 1087, 682, 1068, 679, 656, 1049, 720, 1145, 745, 842, 1288, 961, 1514, 1145, 1293, 1783, 1326
neu_theta_range: 1e-5, 0.1
neu_e_range: 0, 0.5
sel_m:  20955569 
sel_sfs: 28682, 4453, 10746, 11120, 11925, 6011, 4775, 5897, 3039, 3889, 2099, 2007, 2480, 1470, 1917, 1235, 1139, 1542, 999, 1357, 899, 781, 1129, 722, 1057, 691, 607, 981, 699, 989, 598, 616, 952, 681, 949, 619, 581, 945, 658, 1092, 675, 774, 1215, 897, 1335, 1106, 1115, 1605, 1179
