model: neutralSNP_vs_selectedSNP
n:  50 
folded: false
r_range: 0.02, 50
neu_m:  4981473 
neu_sfs: 9190, 3126, 9069, 10046, 11856, 5912, 4778, 5809, 3365, 4102, 2134, 2048, 2620, 1604, 2182, 1414, 1279, 1807, 1043, 1468, 923, 947, 1248, 805, 1153, 798, 797, 1093, 769, 1059, 699, 678, 1110, 704, 990, 668, 672, 1031, 736, 1208, 792, 864, 1270, 999, 1423, 1176, 1242, 1679, 1317
neu_theta_range: 1e-5, 0.1
neu_e_range: 0, 0.5
sel_m:  20955569 
sel_sfs: 28666, 4480, 10766, 11227, 12136, 6031, 4839, 5567, 3023, 3831, 2053, 1960, 2431, 1441, 1884, 1183, 1150, 1506, 1031, 1362, 815, 845, 1096, 765, 1013, 709, 662, 1015, 694, 1026, 621, 656, 973, 663, 961, 603, 624, 978, 717, 984, 714, 783, 1127, 937, 1374, 1056, 1088, 1649, 1214
